6
 4
  3
   3 3
    -3.5221961 +1.0137064 +0.2823355 
    -1.7449881 +0.4346753 +0.1250301 
    +0.5971733 +1.6329540 +2.2578205 
   3 3
    -4.2183961 +0.1692084 -0.7965645 
    -1.9911881 +0.4290753 +1.1756294 
    +0.7897733 +1.1052640 +1.9560205 
   3 3
    -3.3307061 -0.5249916 +0.8969365 
    -1.8886881 -0.3792257 -0.2370706 
    -0.6858267 +2.1632540 +1.0047125 
  3
   3 3
    +0.5106738 +0.9750138 +0.7962782 
    +0.0291477 +0.7492284 -0.3462472 
    -0.1819511 -0.4626121 +0.6333592 
   3 3
    -0.5113262 +0.9324138 +1.0682802 
    +0.7053476 -0.4057716 +0.8667528 
    +0.5525489 +0.4849879 -0.9619378 
   3 3
    +0.4455738 +0.7691138 +0.8957782 
    -0.9241524 +0.5404284 -0.2545472 
    -0.8392511 -0.1437121 -0.5806408 
  3
   3 3
    +0.5312353 -0.9436369 +0.1950796 
    -0.8344314 +0.7692136 +1.6655652 
    -0.0410539 +0.2179702 -0.4093878 
   3 3
    -0.8600647 +0.4424631 +1.7720806 
    -1.4561294 +1.4770126 +1.0792652 
    +0.7999465 +0.9314702 -0.0495871 
   3 3
    -0.7754647 -0.6005369 +1.1384806 
    -1.3551294 +2.1301126 +0.3516592 
    -0.1194535 +1.4533782 +0.1923122 
  3
   3 3
    +1.6529039 +0.6706230 -0.6404461 
    +0.7969640 -1.3029094 -1.9994580 
    -0.8001425 -1.3000994 -0.7428375 
   3 3
    +2.6192039 +2.0178330 +0.0091546 
    +1.7583650 -1.8711094 -0.0280543 
    -0.1075435 -0.1320936 -0.1184375 
   3 3
    +2.5842039 +0.6311230 -0.8445461 
    +0.3299650 -0.4907114 -1.2060480 
    -0.5887425 -1.9222894 -1.2967385 
 8
  4
   3 3
    -0.2467330 +0.6006629 -0.8301322 
    -0.9845503 +1.1062156 -0.2943689 
    +2.5809625 +0.6211612 +1.4582209 
   3 3
    -0.7928568 +0.5554321 +0.3387305 
    -0.2918288 +0.9006103 -1.2624859 
    +0.1240644 +0.5925205 -1.4581169 
   3 3
    -0.6045007 +1.5246403 +0.4278033 
    -0.4729165 +0.2939877 -0.1884989 
    -1.1026338 +0.1543903 +0.5461262 
   3 3
    -0.5990055 -0.0124128 +1.8658616 
    +0.5091034 +1.5317670 -0.0057730 
    +0.9668212 +2.2486177 +0.7238480 
  4
   3 3
    +1.8290363 +0.0582220 +4.0225056 
    +0.6378973 -0.4991771 +2.4119259 
    -0.9096589 +0.9287476 +0.2077681 
   3 3
    -0.3161901 +0.2333536 +0.2969259 
    -0.6662615 +0.9937012 -0.7019828 
    -0.6370658 -0.3836738 +0.7735345 
   3 3
    -1.0135858 -0.4333805 +0.1566896 
    +0.6775523 -1.0710001 -0.1499282 
    +0.7296439 -0.7574946 -0.2817366 
   3 3
    -0.3888595 +1.9079772 +0.1763592 
    +0.0748851 +0.1985218 -0.3519537 
    -0.2538182 -0.9245567 +0.0030407 
  4
   3 3
    +1.0507930 +2.1985705 +1.8279436 
    +0.5909061 +1.1959274 +2.6713427 
    +2.1208898 +0.0017096 +1.3902469 
   3 3
    -1.2320814 +0.4948590 +0.6108593 
    -0.3096563 +0.9174893 +0.5675615 
    +0.4634930 -0.7843819 -0.5793869 
   3 3
    -0.8144310 -0.7851039 -0.9315950 
    +0.4368911 -0.7099093 -0.5618316 
    +0.2818694 -0.5637055 -0.3704563 
   3 3
    +2.3688030 +1.6739775 +0.5950477 
    +0.1946298 +0.1178592 +0.9196259 
    +0.8871104 +0.1817532 -1.0099127 
  4
   3 3
    +0.6602788 -2.4742303 +1.6343529 
    +0.0933656 -2.4181116 -0.7020034 
    -0.7460358 -0.3996392 -1.5967251 
   3 3
    +0.3243170 -0.1343645 -0.0558020 
    +0.6289882 +1.1470491 +1.4401585 
    +1.5114426 -0.5473405 -0.2021027 
   3 3
    +0.4953145 -0.1419978 +1.7694257 
    +0.6359763 +0.8837735 +2.0781891 
    +1.2026827 -0.3132015 +0.1186389 
   3 3
    +0.7103254 +1.1209673 -0.0086775 
    -0.2498997 +0.1218638 -0.3085075 
    -0.6545206 +0.4104479 -0.2475846 
  4
   3 3
    -0.7983506 -0.5104695 -1.1455862 
    -0.3762193 +0.7076193 +0.2203523 
    +1.3144158 +0.7488124 +0.3135363 
   3 3
    +0.4024410 -0.3725387 -0.3439870 
    +0.3168292 +0.7186450 +1.0430756 
    +0.8851802 -0.7859004 -0.6024660 
   3 3
    -0.1513411 +0.9785659 +0.1598802 
    +1.2418772 -0.5565444 -0.1130091 
    +1.4725771 -0.2443038 -0.0832317 
   3 3
    -0.8834199 -0.5145493 +0.9440581 
    +1.3615570 +0.2777462 +1.3928525 
    +1.0246318 +0.4658586 +0.6372600 
  4
   3 3
    -0.0128159 +1.1316189 +1.7609248 
    -0.3130646 -0.4884035 +1.7549928 
    +0.9418563 -0.2330356 +1.3369429 
   3 3
    +0.8616036 -1.0039348 -0.0075607 
    -0.4848597 -1.1802899 +0.6178970 
    +0.5966382 +0.3057695 -0.6181552 
   3 3
    +0.3072411 +0.1077090 +1.0413006 
    -0.4289726 +0.1175242 +1.3916134 
    -0.2138577 +1.2414163 +0.7437813 
   3 3
    -0.4167229 +0.9569508 +1.4663024 
    -0.9169733 +1.8624730 +1.2917993 
    +1.2381455 +0.7336312 +1.6635321 
  4
   3 3
    -1.4922071 +0.3443233 +1.3178688 
    +0.1572098 -0.8222623 -0.5144919 
    -0.4087500 -1.3003800 -0.1265733 
   3 3
    -0.4986365 -0.1483442 +0.2780076 
    +0.8344009 +0.1676343 +1.1605303 
    +0.2379067 -0.0365907 +0.5044138 
   3 3
    -0.7609103 +1.0038454 +1.5731508 
    +1.4646125 +1.4858546 +0.9288407 
    +1.7037857 +0.6136771 +0.3254970 
   3 3
    +0.9108066 +1.3698212 +0.4063387 
    +0.3232965 -1.2453889 +0.6838212 
    -0.9072252 -0.2059272 +0.4579415 
  4
   3 3
    -0.2833137 +0.6867212 -0.2095592 
    -0.9658109 +1.1126540 +1.1948662 
    +1.5501235 +1.8745893 +1.2751687 
   3 3
    +0.0268549 +0.3063204 +0.2839323 
    +0.4727747 -0.4125069 -0.5242182 
    -0.6704681 +0.1594873 -0.4998478 
   3 3
    +0.8519648 +0.7917210 +0.4745213 
    +0.6333818 +0.3001608 -0.7030304 
    -0.0374042 +1.7351682 +0.3145323 
   3 3
    -0.0073406 +0.7586775 +1.2474632 
    +0.3994428 -0.2037326 +0.3753221 
    +0.8715003 +1.5518632 -0.4379703 
 16
  8
   3 3
    -0.4737100 +0.0721763 +0.7127518 
    +1.2067567 +1.3748946 +0.1093588 
    -0.2239893 +0.7515886 +0.9836775 
   3 3
    +0.2923959 -1.7157849 -0.6408766 
    +0.7117932 -0.2895329 +0.4506849 
    +1.6914829 +1.1603165 -0.4855783 
   3 3
    +0.2697272 -0.7460071 -1.0170961 
    +0.0727286 +0.7860110 +0.0081642 
    +0.3204997 +1.5247506 -0.5072102 
   3 3
    +0.1647684 -0.8436546 -0.8398610 
    -0.5686067 -0.6276873 -0.1398366 
    -0.9308553 -1.1715008 -0.8000767 
   3 3
    +0.5249642 -0.4744515 -0.8207794 
    -0.0963153 -1.2843903 -1.4255678 
    +0.1894823 +0.5382033 -0.1130986 
   3 3
    -0.5404803 +0.2405131 -0.2108670 
    -0.3607973 -0.2620671 -0.1559256 
    +0.2706758 +0.3721364 -0.5502648 
   3 3
    +0.8751874 -0.6736057 -0.9595680 
    -1.2771877 +0.1645467 -1.2777736 
    -0.6613323 +0.6364810 -0.9544007 
   3 3
    +0.4399712 -1.0032401 -0.6831155 
    -0.7686589 -0.0046098 -0.2901768 
    -0.1725025 +0.8977806 -0.4485039 
  8
   3 3
    +0.1538585 -0.0504531 +0.1396092 
    +0.4599611 +0.4261706 +0.9097681 
    +1.1286256 -0.1436180 -0.3937041 
   3 3
    -0.6107757 +0.5934013 -0.8051098 
    -0.5784263 -0.2715306 -0.8189511 
    -0.3568813 +0.0340914 +0.3612171 
   3 3
    +0.6858233 -0.3723993 -0.2792074 
    -0.9693555 +0.1243602 +0.8190096 
    -0.2840033 -0.2287592 +0.0764872 
   3 3
    -0.3666105 -0.4131834 -0.3441979 
    -0.3344099 -0.9014596 +0.4738032 
    -1.0247068 -1.0319461 -0.9451883 
   3 3
    +0.4852260 +0.6000283 -0.0864692 
    +0.7913912 -1.3222190 +0.7336797 
    -0.5077706 -0.9366413 -1.1015652 
   3 3
    -0.8000965 +0.8308389 -0.5419672 
    +0.2347395 +0.8247741 +0.7395656 
    -0.8326393 +1.4481041 -0.5417237 
   3 3
    +0.5928895 -1.0409524 +0.0096713 
    -0.9627029 -0.4944076 -0.8684328 
    -0.4391978 +0.4419689 -0.7696204 
   3 3
    +0.6221277 +0.0360137 -0.6852809 
    -1.0176916 -0.6375051 -0.3584446 
    -0.0475336 -0.6643966 -0.7363336 
  8
   3 3
    +0.1145897 +0.5948308 +1.2267183 
    +0.6092358 -0.3025335 +0.7957368 
    -0.5760678 -0.4012062 -0.5285128 
   3 3
    -0.7515305 +0.3364689 -0.5237550 
    -0.2895271 +0.5114710 +0.7936312 
    +0.0273618 -0.0186030 -0.9649393 
   3 3
    -0.3936260 -0.9013053 -0.7654307 
    -0.1146092 +0.2692231 -0.1310922 
    -0.0560546 -0.9617243 -0.9136840 
   3 3
    -1.0513264 +0.8626478 +0.3290108 
    -1.1274093 -0.4931041 -0.3097170 
    +0.4923718 +0.6093531 -0.1162103 
   3 3
    +0.5597597 +1.3058610 +0.6422906 
    -0.9218491 +0.9245841 -0.6384351 
    -0.8015062 -1.1357631 +0.2038217 
   3 3
    +1.0893590 -0.1218881 -0.1243862 
    +1.0944561 +0.7942787 +0.0157149 
    +1.1107885 -1.1356932 +0.5826863 
   3 3
    -0.8050523 +0.2212846 +1.4947466 
    -0.5355166 +0.7885907 +0.9239593 
    +0.6776459 +0.6928613 -0.9770995 
   3 3
    +0.8471636 +0.8120665 +0.8770796 
    -0.5641916 +0.2940793 +0.2011339 
    +0.2774277 +0.5087402 -0.5015247 
  8
   3 3
    -0.8707393 -0.9520824 +0.6550209 
    -1.0592198 -0.6708206 +0.8481704 
    +1.1815401 -0.2129445 +0.0099445 
   3 3
    -1.2038763 -1.2567615 +0.2082476 
    -1.9156409 -1.6947303 +1.7819583 
    -0.2700799 -1.6301459 +0.6310321 
   3 3
    -1.4555690 -0.3628880 +1.4909173 
    -1.6484595 -1.2974748 -1.3549833 
    -0.2020272 -1.5029222 +0.0086475 
   3 3
    +1.5011987 -0.4521745 -0.4809859 
    +1.7655821 -0.7379637 -0.3140175 
    +1.6279272 -1.1586948 +0.3362325 
   3 3
    +1.4086306 -0.4184910 +0.1830572 
    -0.3922769 -0.4137950 +0.3697980 
    +0.2190231 +0.1558757 +0.2832827 
   3 3
    -1.1845519 -0.2755961 +1.3034908 
    -0.6274999 +0.3017942 +0.4279860 
    -0.4440642 -0.7235301 +1.5358130 
   3 3
    +0.1167552 -0.6312630 -0.5769656 
    +0.5552940 -0.0438030 -0.3733204 
    +0.5731431 +0.2372870 +0.4623039 
   3 3
    +0.5661290 +0.3028361 +1.7613155 
    -0.7617505 -0.3308048 +1.4859196 
    -0.3899145 -0.1709856 +0.0656640 
  8
   3 3
    +0.3483956 -0.7102398 -1.0029580 
    +0.0169747 -0.6236266 -0.8374946 
    +0.0030467 +0.4501047 +0.4636743 
   3 3
    +1.4603197 +0.3737396 -0.8483773 
    -1.0759784 +0.6418478 -2.1888695 
    -1.1926482 -0.1937245 -0.1280232 
   3 3
    +1.7069043 +0.2115452 -0.4205381 
    +1.6254853 +0.5240536 -1.2246025 
    +0.7007772 -0.0297545 +1.6771812 
   3 3
    -0.6177193 +1.7494070 +0.9914899 
    -0.7770514 -0.3201119 -1.0194716 
    -0.1880605 +0.7719535 -0.2887738 
   3 3
    +0.0517344 +1.1654987 -0.8991832 
    +0.5772729 -0.1339528 -0.7430276 
    -0.8431557 +0.4533006 -0.4467725 
   3 3
    +1.4737680 -0.1474395 -1.1217924 
    +0.4709422 -1.0655988 -1.0193533 
    +0.6525322 -0.5606169 +0.8652189 
   3 3
    +0.7958896 +1.2429160 -0.2143747 
    +0.0847339 +0.6124927 +0.7160822 
    -0.0701780 +0.7967453 -0.6956169 
   3 3
    +1.2053416 -0.9503835 +0.0688351 
    +1.2940805 -0.7021049 +0.0745471 
    +0.8872578 +0.7568228 +1.1316832 
  8
   3 3
    -0.3223516 +1.1635512 -0.0857527 
    -0.7427556 +1.1776421 -0.9206652 
    +0.5373923 +0.4192748 +0.6046292 
   3 3
    -1.5514433 -0.0373344 +1.2292165 
    -0.3261903 +0.0389429 +1.5733959 
    +2.3305327 +0.5771845 +1.6967401 
   3 3
    +0.1336836 -1.4786555 +1.2957782 
    -0.0092683 +1.7983927 +1.3584653 
    +1.6131612 +2.6541181 +0.8481943 
   3 3
    +0.8185323 -1.0297752 -0.1908039 
    +0.9743784 -0.9543137 -0.1015078 
    -0.6049187 -0.6325481 -0.6324107 
   3 3
    -0.6152031 -0.6674272 -0.5015251 
    +0.8443470 -0.4478036 -0.8414307 
    +0.1510855 +0.6968918 +0.2075605 
   3 3
    +0.6972259 -0.4209838 -0.0411215 
    +0.4264544 +0.0148076 -0.3903923 
    +0.0434319 +0.6941808 -0.4690167 
   3 3
    +0.4727227 -0.3268680 +0.7133413 
    +0.7507481 -1.0527216 +0.5178781 
    -0.0270394 -0.8924851 +0.9687362 
   3 3
    +0.4420390 -0.9893400 -1.1449467 
    +1.0826369 -0.7785002 -0.4886846 
    -0.2140374 -0.9118180 +0.1076573 
  8
   3 3
    -0.8612435 +0.5814661 -0.0596365 
    -0.5644417 +0.1382933 +1.1075665 
    -0.9135986 +0.2788096 +1.1045889 
   3 3
    -1.1767713 +0.0603216 +0.5080826 
    +0.7642755 -0.9597088 +0.7520106 
    +0.4750386 -0.8244251 +0.8982412 
   3 3
    +1.1881662 -0.7741426 +0.4417717 
    -0.1158980 -0.4025870 -0.9333266 
    -0.4125547 +1.1594403 -0.4254037 
   3 3
    +0.4839681 +1.0000090 +0.7408779 
    -0.0031704 -0.7006002 +0.3412133 
    +0.5739648 -0.6638276 -0.9650897 
   3 3
    +0.2080738 -0.2554741 -0.1714305 
    +0.1267956 -0.6470106 +0.7939563 
    -0.4248214 +0.8590778 +1.0323451 
   3 3
    -1.2677613 +0.2276656 +0.6266078 
    +0.3490177 -0.3604640 +0.9860170 
    +0.0225170 +0.8406132 -0.5992947 
   3 3
    -0.1891055 +1.0650369 +0.6169739 
    +0.0562029 -0.0118551 +0.2396015 
    -0.3702020 +0.6700916 -0.3668062 
   3 3
    +0.6439864 +0.2019166 -0.4061292 
    +0.3959648 -0.7569151 +0.1085412 
    -0.8887375 +0.9593930 +0.3944822 
  8
   3 3
    -0.5644336 -1.4510354 -1.2123160 
    -0.6141988 -0.0045420 +1.2527155 
    -1.0421666 -0.8966231 -0.5953797 
   3 3
    -0.2372969 -1.5700227 -1.9656465 
    +0.0284119 +0.9301855 +0.4544772 
    +0.1820128 +0.3343683 +0.9955284 
   3 3
    -0.3327542 -0.3560559 -0.5497780 
    -1.5013675 -0.4423676 -0.2971933 
    -0.4728793 -1.3849396 +0.9280733 
   3 3
    -0.1079493 +0.1260218 -0.7719134 
    +2.0034031 +1.1205326 -0.6479885 
    +3.0160995 -0.1560861 +0.1662312 
   3 3
    +0.5739200 -1.3683860 -0.9080308 
    +1.8807371 +0.0202439 +0.1303693 
    -0.3640937 +0.9397903 -0.1903446 
   3 3
    +0.4404420 +0.1378732 -2.3473971 
    +0.3457219 -0.4460266 +0.0097477 
    +0.2185674 -0.7854945 -1.1475915 
   3 3
    +0.4896538 +0.1380087 -1.5441222 
    +1.2385430 -0.3436481 -0.1236103 
    +2.6195954 +1.3396960 -0.3756221 
   3 3
    -0.6777189 -0.6149486 -1.2583616 
    +1.4396027 -0.6497980 -0.4314066 
    +0.2705411 -1.2830923 +0.0404841 
  8
   3 3
    -0.7323860 +0.0180342 +1.2766798 
    -0.3186624 -0.4409874 +0.8779536 
    -0.1989749 +0.4653755 +0.1298700 
   3 3
    -0.5942632 -0.1962726 -0.6887846 
    -0.2134788 -0.5472059 +0.1585666 
    -0.8616092 -0.6711857 +0.5176077 
   3 3
    -0.2877768 -0.6897828 -0.0231834 
    -1.0291070 -0.9327024 +0.0415778 
    +0.2817636 +0.6203586 +1.4578110 
   3 3
    -0.1267015 +1.5515288 +0.5451982 
    -1.1199680 -0.2975697 -0.9739778 
    +0.4461582 +0.5072169 -0.7525967 
   3 3
    -0.3283495 -0.3527322 +0.7258224 
    -0.2691452 -0.5117094 +0.9767583 
    -0.0700700 +0.7094488 -0.4182101 
   3 3
    -1.2856597 +0.1983780 +1.4379448 
    -0.4441725 +0.6797154 +1.6264400 
    +0.7368016 +1.5044461 +1.4790551 
   3 3
    -0.3878589 +0.4803215 +0.0160127 
    +0.6461192 +0.5541259 -0.5391178 
    +0.0702814 +0.5631998 -0.3051758 
   3 3
    -0.3862804 -0.0748905 +1.1941547 
    -0.5125234 +0.1858380 +1.3958260 
    +0.4235043 -0.5779465 -0.3568384 
  8
   3 3
    -0.5435546 +0.5305107 +0.8126869 
    -0.8597930 +1.0661324 +0.6361064 
    +0.6244948 +1.6055850 -0.6777634 
   3 3
    -0.2049132 -2.1914261 -0.8415414 
    +1.1828891 -0.2960725 +1.1635458 
    +0.4023070 +1.0581543 +0.8954067 
   3 3
    +0.7691394 -0.9502750 -1.5552972 
    +0.2234287 -0.7117808 +0.4042021 
    -1.0248486 +1.1772475 +2.0774752 
   3 3
    -0.4781611 -0.5302504 +0.4287147 
    -0.6120253 -0.4979970 -1.1847802 
    -0.4745485 +0.1885922 -1.2088959 
   3 3
    +0.0191971 -0.4836459 +0.4070451 
    -0.6242253 -0.0178257 +0.0013841 
    -1.0193326 +0.1992336 -0.9836488 
   3 3
    +0.7659815 -0.5625709 +0.1043131 
    -0.9687487 +0.6845076 -1.3397479 
    -0.2216319 +1.8254544 -0.5200102 
   3 3
    +0.6650643 -0.8241560 +0.6540132 
    -0.0931806 -0.5121537 -1.5948703 
    -0.4195000 +0.4193956 -0.6839319 
   3 3
    +0.2584014 +0.9936920 +0.7452953 
    +0.2348894 -0.3319651 +0.3208470 
    -0.1929469 +1.1794030 +0.2008164 
  8
   3 3
    +0.4683984 +0.6331941 -0.3627930 
    +0.9945926 -0.2656838 -0.7934163 
    +0.8098785 +0.6219190 -0.5837731 
   3 3
    +0.6364166 -0.8140983 +0.7110536 
    -0.8216695 +0.5487917 +0.1641672 
    +0.8370240 -0.4747494 +0.7791359 
   3 3
    +0.5349020 -0.2147485 +0.2778970 
    -1.0353453 -0.4806669 -0.6574837 
    +0.7566938 -0.6687514 +0.3955912 
   3 3
    +0.0563111 +0.3215723 -0.7800552 
    +0.8246087 -0.3258866 +0.4002221 
    +0.7440063 -0.8363875 +0.7916956 
   3 3
    +0.4807730 +1.1177372 +0.5618754 
    -0.9634304 +0.5520330 +0.6859960 
    +0.7784388 +0.8020763 -0.2935545 
   3 3
    -0.1598792 +0.1855849 +0.2345469 
    -0.5457451 -0.7075274 +0.8878804 
    +0.1418255 -0.9297287 -0.7796740 
   3 3
    +0.5351817 +0.7797075 -0.8114443 
    -0.3731363 -0.2497143 +0.0300575 
    -0.2554173 +0.9187186 +0.1943346 
   3 3
    +0.8088683 +0.6349578 +0.4965033 
    +0.5590607 -0.0675400 +0.0304292 
    -0.0146037 -0.0357198 -0.5689807 
  8
   3 3
    -0.1522069 -1.2982693 +0.4954354 
    -0.7281561 -0.4950490 -0.1613308 
    -0.9170624 -0.2865203 +0.0071230 
   3 3
    -0.3019535 +0.6118575 -0.2304780 
    -1.4070367 +0.1576937 -0.6086176 
    -0.3577496 -0.2613583 +0.1044354 
   3 3
    -1.1049304 -0.4205942 +0.7170396 
    -0.8102605 -0.2917375 -0.5191422 
    -2.4564724 -0.0097613 -0.4078472 
   3 3
    -0.5601327 +0.1474635 +1.3157889 
    -0.6327619 -1.1352219 +0.8593678 
    +0.4517828 -0.4338282 -0.3008418 
   3 3
    +0.8810748 +0.4972399 +1.3714271 
    -1.0140253 -0.1794266 +0.6335838 
    -0.0138300 +0.3760506 -0.0205752 
   3 3
    +0.0651267 -0.0817785 +0.8211168 
    +0.5153968 -0.0660902 -0.4962602 
    +0.5713529 +0.8397064 +1.0051136 
   3 3
    +0.6201791 +0.6437012 +0.8906265 
    -0.8117308 +0.3415479 -0.4910453 
    -0.8794883 -0.7537231 -0.6344937 
   3 3
    +0.7063664 +0.7183294 +0.4952342 
    -1.0206922 -0.0689076 -0.5709477 
    +0.7067327 +0.5085876 +0.0963849 
  8
   3 3
    +0.6446396 -0.6593021 -0.0345535 
    -0.1214193 +0.2680097 -1.0615457 
    -0.5898058 +0.7106512 +0.8783796 
   3 3
    -0.9276196 +0.7432707 +0.9894557 
    -0.9920419 +0.0412693 +0.1497302 
    +0.1132427 +0.1420847 -0.5414662 
   3 3
    -0.2776539 -0.1189400 +0.8238035 
    +0.1847800 +0.9328024 -1.0596694 
    -0.1285431 +0.9483591 +0.1669018 
   3 3
    +0.0270875 -0.1793486 +1.0238630 
    -1.0316015 +1.3202641 +0.7367471 
    +0.0889403 -0.0760734 +0.2144635 
   3 3
    +0.3768059 -0.3145471 -0.7546237 
    -0.4978862 -0.7662129 +0.7196765 
    -0.6579960 +1.3363397 -0.0605131 
   3 3
    +0.4117643 -0.6305138 +0.6777960 
    +0.6302454 -0.3169620 -0.6534194 
    +0.4028752 -0.8414079 -0.5080106 
   3 3
    +0.2670418 -0.4668766 +1.4510832 
    -0.9601034 +0.4983638 -0.6608759 
    +0.1489921 +0.3184961 +0.8097245 
   3 3
    +0.3458879 +1.1801610 +0.7531534 
    +0.9791040 -0.3897012 +0.6806496 
    +1.3113406 +0.3297050 -0.7495030 
  8
   3 3
    +0.8609534 -0.1380361 -0.0523374 
    -0.7841758 +0.8356870 +0.3954450 
    +0.7949016 +0.7395948 -0.3810248 
   3 3
    +0.5281364 -0.0056453 +0.5250549 
    +0.1679904 +0.6991449 +0.4447927 
    +0.1676583 +0.3544633 +0.8214566 
   3 3
    -0.0297675 -0.3791496 -0.5892606 
    -0.1802617 -0.9867148 +0.5894005 
    -0.8116516 +0.6532869 +0.5965450 
   3 3
    -0.5082512 -0.0281373 +0.1831016 
    +0.7206469 -0.2665156 +0.6127292 
    -0.6728137 -0.4514192 +0.3373532 
   3 3
    +0.9587754 -0.7055578 -0.0622253 
    +1.1367900 +0.4827977 +0.5728199 
    +0.5855522 -0.3378750 +0.2929730 
   3 3
    -0.4262036 +0.1298992 -0.8935666 
    -0.6312598 +0.9098494 -0.1052788 
    -0.4672418 -0.2758587 -0.5184413 
   3 3
    +0.7839011 -0.1549519 -0.9206405 
    +0.2146610 -0.1312608 +0.0574369 
    -0.6892916 +1.1038884 +0.4045452 
   3 3
    +0.7270951 -0.6987705 +0.8831543 
    -0.0562028 +0.6229764 +0.7293109 
    +0.2983534 +0.5684020 +0.0981880 
  8
   3 3
    -0.9245305 -0.0910596 -0.6883923 
    -0.4469896 -0.2920374 -0.3696241 
    -0.7761971 +0.6716679 +0.4261966 
   3 3
    +0.2513974 +1.2950538 +0.3522007 
    -0.7236473 +0.3437731 +0.6629841 
    -0.9086969 +0.6129485 -0.4715262 
   3 3
    +0.4658254 -0.2889323 +1.3898966 
    -0.7489915 -0.1871384 +1.2961269 
    +0.2423247 +1.1014431 -0.4475658 
   3 3
    +0.1906005 +0.5478835 -0.2091367 
    +1.7839877 +1.0696640 +1.4013984 
    +0.4804030 -0.0624114 -0.2576943 
   3 3
    +0.6059799 -0.8045714 -0.7976598 
    -0.2960123 +0.3593825 +0.5337983 
    -1.1403848 +0.8234248 -0.2626246 
   3 3
    -0.1223796 +1.4126411 +0.9232381 
    +0.0439264 +0.3537058 +1.1034253 
    -0.0944945 -1.1680281 -0.4266343 
   3 3
    -0.7417454 +0.7763865 -0.6589567 
    +0.5586487 -0.0371449 +0.9928204 
    +1.2216710 +1.5155163 +0.2342368 
   3 3
    -0.1797321 +0.1477833 -0.1903059 
    +0.1730228 -0.2443070 -0.2259927 
    +0.4442995 +0.6601638 -0.7576427 
  8
   3 3
    -0.5917636 -0.6677448 -0.2272581 
    -0.6344657 +0.1825201 +0.8642224 
    +0.0642065 +0.5291523 +0.6834457 
   3 3
    +0.8343495 +0.0807555 +0.0119239 
    -0.3955331 -0.9466183 +0.8147109 
    -0.0876191 +0.5834052 -0.1919631 
   3 3
    +0.7610075 -0.2561962 -1.0746076 
    +0.6372183 +0.7887953 +0.5323462 
    +0.3696600 -0.4334193 +0.6160554 
   3 3
    -0.3784192 +0.0255369 +0.3003372 
    +0.2293567 +0.2542637 +0.6643459 
    +0.6478266 +0.6371725 -0.5399876 
   3 3
    -0.2002539 +0.9104435 +0.8212701 
    -0.7417548 +0.3925147 +0.1161365 
    +0.9374361 +0.9205229 -0.3130543 
   3 3
    +0.4175730 -0.9294095 -0.9926163 
    +0.7324692 +0.4687589 -0.2096580 
    +0.6430889 -0.3335406 -0.9525095 
   3 3
    -0.0524860 +0.6010219 -0.9606770 
    -0.9788695 -0.8916092 -0.0816194 
    +0.3973505 +0.0970410 +0.9592926 
   3 3
    +0.1729809 -0.5121922 -0.2351482 
    +0.1130232 +0.1163513 -0.2237286 
    +0.3512668 +0.5606609 +0.5956429 
 8
  16
   3 3
    -0.5114084 -0.8305299 +0.9307356 
    +1.0235085 +0.8136565 -0.1807857 
    +0.2746061 +0.3398449 +0.3412119 
   3 3
    +0.5794976 -0.6320348 -0.0646629 
    -0.4643870 -0.1760749 +1.0430416 
    +0.1699827 +0.2056213 -0.4753026 
   3 3
    -0.4103453 +0.2695774 +0.7584438 
    -0.6727698 -1.0210944 -0.5163796 
    -0.6178756 +0.1901613 +0.2076702 
   3 3
    +0.3189047 +0.7463195 +0.7772215 
    -0.8189312 +0.5264434 +0.5533618 
    -1.0930755 +0.4677193 +0.0868600 
   3 3
    +0.1740983 +0.5142755 +0.0324505 
    +0.4213199 -0.8438408 -0.2766041 
    -0.6363424 -0.5390370 +0.5193361 
   3 3
    -0.5873053 -0.5918741 +0.1520320 
    -0.5568604 +0.7686333 +0.9144723 
    -1.2838645 -0.5394685 +0.9290030 
   3 3
    -0.2419100 +0.2881091 +0.4531047 
    -0.0028203 +0.2899111 -0.3728553 
    -0.7552645 +0.5669254 -0.5046428 
   3 3
    -0.6083153 +1.1677034 -0.3013058 
    +0.0123295 -0.6006884 +0.7448167 
    +0.8476182 -1.0181371 -0.7751596 
   3 3
    +0.2279756 -0.4072642 +0.2729199 
    -0.7828387 -0.8861138 -0.4687612 
    -0.1179052 -0.1929397 -0.6397242 
   3 3
    -0.3186901 -0.0868251 +0.4525456 
    -0.3861222 -0.3681114 +0.8550085 
    +0.5887110 +0.7246471 +0.3287901 
   3 3
    +0.0043904 -0.2773612 +0.4053715 
    -0.3911745 -1.2442484 -0.2086405 
    +0.2755949 +0.0561762 -0.1080813 
   3 3
    +0.3321830 +0.4084636 +0.1488234 
    -0.0484351 +0.6559559 +0.3010919 
    +0.6058599 -0.8394883 +0.8444960 
   3 3
    -0.3636574 +0.6578326 +0.0094463 
    -0.9022499 +0.4868256 -0.0153813 
    +0.1713475 -1.2576169 +0.6721266 
   3 3
    +0.6373408 +0.8765576 +1.1269827 
    -1.0601641 +0.2376075 -1.0403028 
    +0.1249532 -0.7311856 -0.9432766 
   3 3
    -0.2895658 -0.6600084 +1.1506406 
    +0.1960376 -0.6514418 -0.3278013 
    -0.8228087 +0.1831086 -0.5671247 
   3 3
    +0.8702099 +0.5376338 -0.0395055 
    -0.0322979 -0.5252939 +0.4410927 
    +0.4461031 -0.0176233 +0.3371276 
  16
   3 3
    +1.1349752 +0.4051135 +0.0513663 
    +0.9510105 +0.1591283 -0.3425590 
    +0.3908948 -0.6730472 +0.3726399 
   3 3
    +0.8453804 -0.7291850 +0.0067016 
    -0.2697277 +0.8712806 +0.8158855 
    -0.1869011 -0.0973722 -0.7230523 
   3 3
    -0.6407785 -1.0096693 -0.2433903 
    +1.3458671 +0.7836978 +1.3805501 
    -0.4433104 +0.3880087 +0.7639407 
   3 3
    +1.0257879 +0.0562859 -0.3617282 
    -0.7239393 +0.2578763 +0.9217349 
    +0.1731959 -0.6599509 +0.1526758 
   3 3
    +0.4033200 -0.0734381 -0.7080342 
    +0.0758510 +0.5034663 +1.0745077 
    -0.6418514 +0.3639921 +0.4876375 
   3 3
    -0.3522913 +0.9514763 -2.0357464 
    +0.0883283 -1.1308944 -0.7535910 
    -1.8734603 +1.3122417 +0.4207932 
   3 3
    +0.7645048 -0.2798561 -1.1071200 
    +0.3463780 +0.3070998 +1.1299430 
    -0.0591384 -0.5574693 -0.5523486 
   3 3
    +0.0518551 -0.1924603 -1.0174930 
    -0.8811142 -0.3403653 +1.1863417 
    -0.5338123 +0.1692951 -0.6468797 
   3 3
    -0.6559154 +0.4664761 +0.5023382 
    +1.1023836 +0.1334322 +1.3289031 
    -0.2747585 +0.0314021 +1.2997751 
   3 3
    +0.6971364 -0.5694275 +0.6740413 
    -0.8242101 -0.2266653 +0.1430881 
    -0.1865603 +0.8287971 +0.1632598 
   3 3
    -0.8582493 -0.5663037 -0.6301221 
    -0.3899522 +1.4329755 +1.4732128 
    -1.5582350 +0.2947360 -0.5563185 
   3 3
    +0.8755134 -1.0149612 -0.6382278 
    -0.4568694 -0.0030092 -0.1620377 
    +0.3526533 +0.9187868 -0.5549866 
   3 3
    -0.0786712 -1.0044245 -0.1514109 
    +0.2544701 +1.7787324 +0.2373898 
    -1.3888046 -0.8795771 +0.5107036 
   3 3
    -0.5505082 -1.0345618 -1.2342880 
    +0.4950245 -0.0724030 +0.5683359 
    -1.5971702 +0.9783937 +0.0754641 
   3 3
    +0.5999355 -1.2498195 -1.6361583 
    +1.1731742 +1.3477020 -0.3568893 
    +0.0838378 +0.2826113 -0.5498735 
   3 3
    +0.8337701 -0.3020638 +0.0009867 
    -0.5116812 +1.6463971 -0.5266012 
    -0.1928887 -0.5333444 +1.1764860 
  16
   3 3
    +1.1020080 +0.3989010 +0.8054110 
    -0.7511940 -0.2897219 +0.3409695 
    +0.8177198 +1.0679419 -0.5010916 
   3 3
    +0.7343636 +0.8612617 +1.0501300 
    +0.5122759 +0.0330144 -0.5075558 
    +0.0647108 +0.4061681 -0.8676537 
   3 3
    +0.1103097 -0.1440730 -0.6448790 
    -0.4560532 -0.6913315 -0.7200320 
    +0.6302155 +0.0890966 +0.0738045 
   3 3
    -0.0240482 +0.9929952 -0.9066218 
    -0.5419928 +0.2108510 +0.0759726 
    -0.4962246 +0.3743421 -0.9814862 
   3 3
    +0.5623610 +0.0602167 -1.1276049 
    +1.2346544 -0.6213377 +0.5090380 
    +0.6754420 +1.1362235 -0.4579623 
   3 3
    -1.0211134 -0.6344862 +0.8099136 
    -0.6367479 -0.0526170 +1.3142802 
    -0.7418813 -0.1950472 -0.3848644 
   3 3
    +0.0418356 -0.8360765 -0.1805326 
    -0.8460681 -0.2529284 -0.5239826 
    +1.0616424 +0.3433314 +0.8804260 
   3 3
    +0.5822834 +0.3566993 -0.2824104 
    +0.6954577 -0.9857224 +0.5684376 
    +0.0735696 +1.2186155 +0.6319736 
   3 3
    -1.3641557 +0.7685461 -0.5236577 
    -0.8381859 +0.9417521 -0.1913314 
    +0.6542429 +0.9215732 +0.8668116 
   3 3
    +0.6166545 +0.8890917 -1.0806991 
    +0.8141923 -0.3254383 -1.5176333 
    -0.3428199 -0.4386852 -0.2865548 
   3 3
    -0.1168619 +1.1862428 +0.7159953 
    -0.4477426 +0.3329833 -0.5210795 
    -0.4164444 -0.5131929 -0.6070010 
   3 3
    +0.5424556 +0.3454923 -0.9252519 
    -0.0736990 -0.1096766 +0.2031951 
    +0.7639812 +0.1019803 -0.7489469 
   3 3
    -0.4156271 -0.5266017 +0.1318162 
    +1.1722269 +1.0419192 -0.4992490 
    +1.0748720 +0.8643319 +0.2018021 
   3 3
    +1.1488811 +1.0314812 -0.1538067 
    -0.3106677 +1.0671226 -0.4623155 
    +1.2275047 +1.1563630 +0.6690582 
   3 3
    -0.8442795 -0.6248441 +1.1025286 
    -0.7133075 +0.7144300 -0.1462577 
    -0.6071625 -0.3577154 +0.4012682 
   3 3
    +0.4325932 +0.6459780 -0.8997162 
    +0.2152637 +0.3577013 -0.5662459 
    +1.3680291 -0.0474832 -0.6463975 
  16
   3 3
    -1.7229580 -0.0100103 -0.6021752 
    +1.2825196 +1.4381089 -0.8910652 
    +0.4296660 -0.9402570 +0.7723067 
   3 3
    -1.1210803 -1.1112897 +0.9232787 
    +0.3687481 +0.1365500 -0.5521924 
    +0.5177956 -0.8951774 -1.0568693 
   3 3
    +0.8102722 +0.9594966 +0.0670635 
    +0.9445137 +1.2200828 +0.3442050 
    -0.2523673 -0.5327072 +0.1542638 
   3 3
    +0.8168677 -0.3701825 +0.2508630 
    -0.5403167 +1.6136516 -0.2157228 
    -0.5029484 +0.1771025 -0.7141311 
   3 3
    +0.1902470 -0.8260957 -1.0149323 
    -0.4180399 -0.6210012 -0.3541315 
    -0.5325245 +0.4926186 +0.3157143 
   3 3
    +0.1470631 -0.7085384 -0.6473548 
    -0.1834127 -0.6907629 -0.8447775 
    +0.5605494 -1.1942320 +0.8987835 
   3 3
    -0.1804932 +0.2718078 -1.0690196 
    +0.9431792 -0.3723637 +0.9534340 
    -0.5912551 -0.5015993 +0.4328428 
   3 3
    +0.1748449 -0.1267499 -0.5437036 
    +0.3654375 +1.0474286 -0.0325469 
    +0.3100122 +0.7380956 +0.4204662 
   3 3
    +0.3401747 -0.8247681 -0.1802487 
    +0.9048429 +0.3451157 +0.3361096 
    -1.0813487 +0.8872083 +0.4263111 
   3 3
    -0.7544150 -0.1391641 +0.7361367 
    +1.0685748 +1.0718023 -1.0065740 
    +0.6232061 -0.0983158 -0.8935659 
   3 3
    +0.6991883 +0.4357263 -0.4942230 
    +0.0322063 +1.2922840 +0.5598291 
    +0.3494031 +0.1147327 -0.0907965 
   3 3
    -0.9607713 -0.4459591 -0.2677600 
    -0.0229943 +0.0881921 -0.5725116 
    +0.3898090 -0.1557385 +0.2893039 
   3 3
    -0.2655564 +0.0728004 -0.5733934 
    +1.4343236 +0.3419197 +0.7178950 
    +0.5539966 -0.4005302 -0.1908534 
   3 3
    +0.7880273 -0.5361626 +0.3183390 
    +0.8407204 +0.6675628 -0.6485773 
    -0.8446444 -0.8680143 -0.6955793 
   3 3
    +0.1843363 +0.2646536 +0.3638310 
    +1.2707416 +0.1238178 +0.4425511 
    -0.8821114 +0.3745896 -1.0223634 
   3 3
    -0.6540293 -0.0768891 -0.3824332 
    +0.7443074 +0.4354785 +0.2880159 
    +0.6124247 -0.1184172 +1.1888772 
  16
   3 3
    -0.6101950 +0.2082823 +0.9140675 
    -0.2455116 -0.8792527 -0.5398047 
    +0.7855645 +0.6682002 +0.1194917 
   3 3
    -0.2768209 +0.9292171 -0.2509849 
    -0.0550041 -0.7829250 +0.5514590 
    +0.3024830 +0.0556001 -0.8437700 
   3 3
    -0.5714087 -0.8761687 +0.2503170 
    -1.2603782 +0.1331045 +0.3570839 
    -0.8381464 -0.9532712 -0.7842062 
   3 3
    -0.3929585 -0.4141599 +0.6394291 
    +1.0169183 +0.1899979 -0.6757937 
    +0.2088569 +0.3729450 -0.5068265 
   3 3
    +1.1579695 -0.0185928 -0.6780696 
    +0.3328459 +0.2233106 +1.0339424 
    +0.1493383 -1.0584837 +0.7130563 
   3 3
    +1.0271626 +0.2034588 -0.6264152 
    -0.6560416 +0.1112968 -0.0677446 
    +0.0044156 +0.3034327 +1.0397109 
   3 3
    +0.6030291 +0.7605827 -0.5185202 
    +0.7093763 -0.7479467 -0.1172700 
    -0.0110227 +0.7349155 +0.6361729 
   3 3
    +0.7071681 +0.4483835 +0.2076791 
    +1.0713756 -0.4097741 +1.0480746 
    +0.8810388 -0.1570358 +0.1544387 
   3 3
    +0.7206322 +0.8607744 +0.3196519 
    -0.4033946 +1.2995022 -0.8765511 
    +0.1525995 +0.8965342 +0.2234188 
   3 3
    -0.7782873 -0.8681338 -0.0265456 
    -0.8419114 +0.9927439 -0.6092245 
    -0.4224780 -0.0210610 -1.0740178 
   3 3
    +0.4488970 -0.7663766 +0.7206933 
    -0.1556901 +0.7391737 -0.2787370 
    +0.6494072 -0.0005075 -0.3988095 
   3 3
    +0.1652021 -0.1071229 +0.3469073 
    -0.8134574 -0.9173932 +0.0603070 
    -0.3583178 -0.0428419 -0.8579600 
   3 3
    +0.0976104 -0.2242824 +0.9368638 
    +1.2018728 -0.3493019 +1.0730051 
    +1.1986633 -0.1680667 +0.1242355 
   3 3
    -0.5722750 +0.2541255 -0.5668266 
    -0.9203180 +0.8802515 +1.2178059 
    +0.5955346 -0.7482780 +0.2888567 
   3 3
    +0.7363381 +0.7105205 -0.4612203 
    +0.9127410 -0.3934121 +0.3699318 
    -0.2098010 -0.8398563 +0.0548074 
   3 3
    +0.5709410 +0.2787468 -0.4791624 
    +0.8916711 +0.9194374 -0.4273115 
    +0.0582968 +0.2095100 +0.1444702 
  16
   3 3
    -0.2137180 -0.8014280 -0.3280470 
    -0.9337600 +0.2397850 -0.8416760 
    -0.4731960 +0.2633640 -0.1342210 
   3 3
    +0.5637020 +0.7115870 +0.4113360 
    -0.3588020 +0.2657350 -0.7164660 
    -0.5015130 -0.1255890 +0.7187180 
   3 3
    -0.6235582 -1.5068315 -0.0180864 
    +0.2126751 -0.8999892 +0.7692264 
    +0.0031711 -0.1255691 -0.4655220 
   3 3
    +0.4761501 -0.8217845 +0.6920417 
    +0.9104170 -0.1400458 +0.1774764 
    -0.8266117 -0.2639050 -0.2227955 
   3 3
    -0.0106368 +0.1873856 -1.2046690 
    +0.4639573 -1.0925442 +0.8762003 
    -0.2388583 -0.0843207 +0.2218512 
   3 3
    -0.1466207 +0.1550558 -1.1180979 
    -0.7848796 +0.8496297 +0.7546762 
    -0.1273407 +0.4088410 +1.0112176 
   3 3
    -0.7001552 -0.8391866 -0.0165170 
    -0.3561600 +0.5794098 -0.3571416 
    -1.2458893 -0.0556685 +0.3668889 
   3 3
    +0.6019370 +0.5476290 -0.8835266 
    -1.0093586 +0.7841082 +0.6040912 
    -0.8578510 -0.0539045 +0.9989742 
   3 3
    +0.5346468 +0.3306285 -0.0104332 
    -0.0473693 +0.6138928 +0.5170854 
    -0.7603853 +0.9707719 +0.1173279 
   3 3
    -0.6140682 -0.8030530 -0.1809687 
    +0.6906884 -0.5668393 -0.5802813 
    -0.6859132 +0.4301970 -0.7570326 
   3 3
    +0.3717428 +0.2632015 +0.4839460 
    -0.0913868 -0.2150872 +0.1352924 
    +0.0920445 -0.4218191 -0.2746891 
   3 3
    -0.9410289 -0.1932528 +0.7847220 
    +0.5920213 -0.6533871 -0.0629707 
    -1.1575006 +0.1294472 -0.9094381 
   3 3
    +0.5396988 -1.0607215 -1.0224490 
    +0.0743425 -0.9698442 -0.7752486 
    +0.4594627 -1.0605011 -0.0553752 
   3 3
    -0.9025372 -0.8624375 -0.5409381 
    -0.8796779 +0.4981008 -0.9187906 
    +0.7614477 -0.8845401 -0.4011910 
   3 3
    -0.2886582 -0.1350585 +0.8040710 
    +0.3809051 -0.4171442 -0.5659575 
    -0.2838314 -0.6378881 -0.0199110 
   3 3
    +0.4701778 -0.7513645 -0.9509072 
    +0.7080721 +0.4307857 -0.9970419 
    +0.3512648 -0.7189371 -0.9517471 
  16
   3 3
    -1.9980193 +0.4780386 -0.2638207 
    +0.7734727 +1.0307869 -0.7552397 
    +0.3290827 +0.4343739 +1.5675455 
   3 3
    -1.9569131 -0.3913761 +1.8781756 
    +0.8873166 +0.2769830 -1.2167647 
    +0.2739167 -1.1448082 +1.0690824 
   3 3
    +0.4757974 +0.3311196 +0.1883911 
    -0.9846819 -0.7813736 +0.9703790 
    +0.3173191 +1.3416528 +0.1142491 
   3 3
    +0.0649754 +2.1609249 +0.7026681 
    -1.4737987 +0.0709042 -0.6138645 
    +2.8929050 -2.6547226 -0.4442594 
   3 3
    +1.9796614 -1.8436250 +0.1177215 
    -0.6870731 -3.4861785 -1.5950562 
    -0.9780695 +1.9564045 +2.2967182 
   3 3
    +0.0859731 +0.0389120 +1.7291076 
    -2.5453417 +1.8070154 -0.4686218 
    -1.5510259 -0.5346240 +1.2756968 
   3 3
    -0.7845278 +0.5649201 +0.8407955 
    -0.6707586 -2.6369694 -1.8727680 
    +0.7974346 +0.5936710 +2.2496917 
   3 3
    -0.4244976 -1.4509742 +1.0547714 
    -3.0936451 -2.8365490 +0.6936884 
    +0.2301981 +2.9456696 -0.3336432 
   3 3
    +0.3857391 -1.0732152 +0.5309584 
    -0.7509405 -1.5328648 -2.3591426 
    +1.5061912 +1.1669549 -0.2628350 
   3 3
    +2.3455358 -1.4830801 +0.1705744 
    +1.7686150 +1.3385434 +0.0939250 
    -1.6580188 -0.0862682 +2.3458747 
   3 3
    -1.1537451 +0.8950441 +1.8047180 
    -1.1572107 -1.0508981 +0.4881453 
    +0.3874491 -0.7721473 +1.1087534 
   3 3
    -0.5286738 +0.5956260 +0.3446902 
    -2.6936086 -0.9391804 +0.5699276 
    -0.5603062 +0.9102244 +1.3791463 
   3 3
    +0.7658740 -0.4690849 +1.3904914 
    -0.8909136 -2.2871714 +0.1598943 
    -0.9587026 +1.2632704 +0.7948655 
   3 3
    +0.5337041 +0.9605469 +2.3080084 
    -1.1071674 -1.1907767 +0.2680333 
    -0.5088605 +0.0957072 +0.6154129 
   3 3
    -0.3280315 +0.1917992 +1.1908371 
    -3.8340180 -2.9790152 +1.2554096 
    +1.8079713 +2.1063139 +0.5145221 
   3 3
    +0.2949200 -0.4062488 +2.1789927 
    -1.6502887 -0.8423230 -1.0421815 
    +1.2160744 +0.7342220 +0.0635677 
  16
   3 3
    +1.3143600 +0.5017330 +0.8229750 
    -0.8207140 -0.4617210 +0.8289710 
    +0.4496700 +0.1612510 +0.8145830 
   3 3
    -0.3231230 +0.9046190 -0.1830270 
    +0.5360930 +0.1007980 +0.4688280 
    -0.6437480 +0.2908330 -0.1316590 
   3 3
    -0.5642565 +0.1901321 +0.4241553 
    -0.9897042 +0.3640820 +1.2969704 
    -1.6274002 -0.2875514 -0.8267519 
   3 3
    -0.9955331 +0.9965341 +1.8274050 
    +1.1169197 +1.3543024 -0.1617021 
    -0.6478691 +1.2138909 -0.3144035 
   3 3
    +1.1388066 -0.5308334 +0.2308331 
    +0.3302568 -1.4294893 -0.2903269 
    -0.3093081 -2.6311795 +0.0953325 
   3 3
    +1.4106895 -2.2593594 -0.9005889 
    -1.1365392 -1.9691867 +1.7759760 
    +1.7600448 +0.1615670 -0.0675246 
   3 3
    -0.4612114 -0.1904539 -0.2004977 
    -0.2169253 +0.6701397 +0.9682364 
    -0.7078001 -0.0607514 +0.1679130 
   3 3
    +0.5470843 -1.9164769 +0.1574787 
    -0.0964254 -1.0523743 +0.6822123 
    +0.2051920 -0.0828404 +1.1279598 
   3 3
    +0.5172726 +0.8903051 +0.7864723 
    -0.8452282 -0.0335736 +0.6410464 
    -0.3997402 -0.0547744 -1.0723109 
   3 3
    -1.4393797 -1.2696173 +0.3465140 
    +0.2151207 +0.0388328 +0.5073872 
    +0.3750346 +0.4421807 -0.2118888 
   3 3
    +0.1572525 -1.1953549 -0.6945328 
    -0.5825653 -0.2906721 -0.7379227 
    -0.4960602 -1.5846585 -1.3188209 
   3 3
    +0.7697034 +0.3744572 +1.0117692 
    +1.0872306 -1.0881873 -0.6849197 
    -0.8040246 -1.1443316 -0.0352771 
   3 3
    -0.5935395 -0.2387859 -0.5592727 
    -0.8405843 -0.2697901 -0.5264876 
    +0.0153743 -1.4951384 -0.1126049 
   3 3
    -0.3521826 +0.6997930 -0.0155972 
    +0.3284846 -0.4431423 -0.7134417 
    +0.3881519 -0.5119855 +0.1229291 
   3 3
    -1.0858235 +0.3032871 +0.4610983 
    +0.8608968 +0.8724750 -0.5200116 
    +0.0481497 -0.0921267 -0.6795159 
   3 3
    +0.7468396 +0.8384748 +0.1343593 
    -0.8672836 -0.9285482 +0.2803140 
    -0.4904863 -0.5297191 -1.0091812 
 4
  8
   3 3
    -0.7823366 -1.8258064 -1.4811407 
    -1.5223703 -0.3822256 +0.6672092 
    -0.0136392 +0.0875157 +0.5268457 
   3 3
    -1.2744191 -1.2672708 +0.3735781 
    -0.8643153 -1.4963352 -0.3791052 
    +0.3489620 +0.1857786 -0.0900209 
   3 3
    -1.1786520 +0.1212129 +0.3711350 
    -0.4028371 -0.4153541 -0.5018137 
    +1.0759449 -1.2874996 +0.3247931 
   3 3
    +0.1681569 -0.7800248 -0.0101842 
    -1.4350767 -1.0530085 +0.4608649 
    -1.5651850 +0.5032933 +0.7365325 
   3 3
    +0.5872099 -0.6551141 -0.9766261 
    -0.9192256 -1.2440873 -0.7662009 
    -0.1014158 +0.3993048 -0.3791959 
   3 3
    +0.0866426 -0.5795630 -1.0040500 
    +1.0537000 -1.0492500 +0.4581190 
    +1.2775000 -0.3769930 -0.0416103 
   3 3
    -0.6467749 -0.3965645 +0.0014713 
    +0.8990180 +6.9111221 -2.5541652 
    -1.0719453 -6.2510370 +1.7649624 
   3 3
    -0.4454270 -1.2851900 +1.3554400 
    -3.2869500 +2.6343500 -1.3451700 
    +1.4966400 +0.0384648 -1.2855000 
  8
   3 3
    -0.9247142 +0.1489907 +0.4972995 
    -0.0770239 -0.0204106 -1.4712245 
    -0.5504063 +0.2329833 -1.7423745 
   3 3
    -0.5771927 -1.1376147 -1.7157335 
    -0.6415401 -1.1227826 -1.0380279 
    +0.1531394 -0.4817199 -1.1287262 
   3 3
    -0.3623737 -1.6240696 -0.5850541 
    -0.0393123 -3.1997047 +0.8884922 
    -0.0497284 -0.7579020 +1.0213334 
   3 3
    +0.0480368 +0.0501334 +0.7380064 
    +0.6918469 -1.5857210 -0.5436553 
    +0.7320982 +1.1140954 -0.9252922 
   3 3
    +0.4648496 -0.5838211 +1.5600161 
    +0.1210659 -1.5986065 +1.5559513 
    -0.0581481 -0.7650635 -0.1995742 
   3 3
    +0.0999856 -0.1434880 +0.8260960 
    -0.3620860 -0.2867670 +1.3039800 
    +0.3290221 -0.5532120 +0.5419320 
   3 3
    -0.2092949 +0.0460432 -1.7538792 
    -0.8616420 -1.5324479 -0.2078688 
    -0.5738796 +0.6944013 +0.7563976 
   3 3
    +0.4439459 -0.9971480 -0.3812080 
    +0.9522990 -0.4713241 -0.3566250 
    +0.8080770 -0.3549100 +0.5160130 
  8
   3 3
    +5.1708440 -0.7259071 -5.8204409 
    +2.4839921 +0.2375198 -4.1236877 
    -3.0548813 +1.1981312 +1.5706445 
   3 3
    +6.1654104 +4.1818974 -2.3686802 
    +4.8195877 +1.3571297 -5.4985679 
    -2.1046325 -4.5095027 -0.2187039 
   3 3
    +5.6342109 -1.5026592 -5.9863660 
    +2.6591759 -0.3105492 -3.3285155 
    -2.4594626 -1.8810585 +3.3361363 
   3 3
    +4.9998172 -0.3063103 -6.0696031 
    +4.7985716 +0.8722374 -3.1384278 
    -2.5621259 -0.3534292 +3.1988737 
   3 3
    +4.9254521 -1.2602689 -4.7887563 
    +2.5121097 +1.1115110 -1.6684699 
    -2.7153287 -0.8814198 +3.1079937 
   3 3
    -0.9184850 -0.6197831 +0.3742257 
    -1.0196690 -1.3393995 +1.2780306 
    -0.1460768 -1.1245675 +0.7798945 
   3 3
    +0.3514365 +5.1731433 -1.9854343 
    +4.8008724 -5.6443178 -3.0900107 
    -2.5363676 -0.0751741 -2.8100740 
   3 3
    +1.7503022 -3.9655346 +0.6707701 
    +0.3897604 +0.0155686 -2.0069765 
    -0.6258126 -0.6627834 -0.2144640 
  8
   3 3
    -0.1298517 -1.2169262 -0.8080420 
    -0.9717032 -1.0522562 -0.2886289 
    +0.2733282 -0.8043080 -0.1273272 
   3 3
    +0.1581147 -0.4183682 +0.0824335 
    -0.1287013 -0.2332999 -0.9908698 
    -0.0332126 -2.1605959 +0.4721304 
   3 3
    -0.5660590 -0.8287284 -0.5452273 
    +0.4480293 -1.5165883 +0.2800665 
    -0.2013683 -1.9159349 +0.2033148 
   3 3
    -0.9720060 +0.6839137 -0.9611900 
    +0.5641477 -0.3060397 +0.4238465 
    +0.8824051 -0.5434154 -0.9187182 
   3 3
    -0.3190312 -0.5745297 +0.0215582 
    -1.0611160 +1.3281222 +1.0979379 
    +0.2290893 -0.5984683 +0.8048386 
   3 3
    -0.7860400 +0.5181450 -0.0886213 
    +0.4487670 -1.0455100 +0.7830730 
    -0.8033990 -1.7016700 +0.8073150 
   3 3
    +0.2855883 -0.6527850 -0.8739628 
    -1.2128998 -1.0925661 -1.6636047 
    -0.9674515 -0.4376173 -0.7699838 
   3 3
    +0.3159370 -1.2603700 -0.9045530 
    +0.6157800 -0.9074400 -1.4821900 
    -0.4674300 -0.7522070 -1.0731700 
 2
  4
   3 3
    -0.5483000 -0.7326000 +0.3196000 
    -0.0260000 +14.1010252 +0.0634000 
    +0.7408000 +0.4663000 +0.3186000 
   3 3
    -0.6216000 -0.1886000 +0.7610000 
    -0.3709000 -13.6713071 -0.9671000 
    -0.3827000 -0.2531000 +0.2427000 
   3 3
    -0.7863000 +0.8833000 -0.5092000 
    -0.3800000 -18.5129132 -0.7779000 
    +0.8382000 -0.6154000 +0.7596000 
   3 3
    +0.2000000 -0.2367000 +0.6106000 
    -0.0276000 -15.3482841 +0.5133000 
    +0.9273000 +0.4594000 -0.8837000 
  4
   3 3
    +0.3736000 -0.5396000 -0.2610000 
    -0.3836000 -20.1999218 -0.3777000 
    +0.1072000 -0.0706000 -0.3535000 
   3 3
    -0.0355000 -0.5972000 -0.3337000 
    -0.6407000 +9.0800271 +0.4296000 
    +0.6052000 -0.7895000 +0.9150000 
   3 3
    +0.1185000 -0.8622000 +0.3745000 
    +0.2348000 +13.8497919 -0.4252000 
    -0.5474000 -0.6565000 +0.4239000 
   3 3
    -0.8829000 -0.9510000 +0.2670000 
    -0.8908000 +11.1355157 +0.7274000 
    -0.1517000 +0.6743000 -0.9633000 
3
2 8 2
1.4055126 -7.7317312 -3.8354030 10.9303734 3.8125968 -3.5758933 -5.8153841 8.0507503 
-7.3245512 5.3221366 0.0748084 -7.1620755 3.9730530 -8.9865370 8.5982764 -5.2799439 

-0.0662517 -7.4895751 
-5.1305033 3.0662240 
-4.5466498 -5.4765667 
6.1862426 -5.0390334 
1.4523176 0.9409984 
7.1081176 -3.2835933 
0.5622244 2.4845032 
0.9384820 -6.0072528 

