6
 4
  3
   3 3
    0.6569874 0.7072518 -0.4423021 
    0.3171808 0.4473108 0.0376384 
    0.0274492 0.7482276 -0.5712306 
   3 3
    0.8469874 0.4072518 0.0276979 
    -0.3128192 -0.9026892 -0.1823616 
    -0.5925508 -0.0117724 -0.0312306 
   3 3
    0.8369874 0.1572518 -0.7823021 
    -0.5628192 0.3773108 -0.2023616 
    -0.9625508 0.6282276 -0.3712306 
  3
   3 3
    -0.3907805 0.1092837 -0.1901591 
    -0.4405697 -0.5202860 -0.7800552 
    0.1191931 -0.3005513 -0.6706787 
   3 3
    0.4592195 0.1092837 -0.1601591 
    -0.5605697 -0.5302860 -1.0000552 
    -0.3408069 -0.0905513 0.3793213 
   3 3
    -0.0207805 -0.0507163 -0.4701591 
    0.6194303 -0.1602860 0.6399448 
    -0.5208069 0.8394487 0.9193213 
  3
   3 3
    -0.7945505 -0.2530833 0.3578599 
    -0.4645587 0.7265622 0.9870545 
    -0.0954857 -0.8343748 -0.5436167 
   3 3
    -0.0945505 -0.6430833 -0.1121401 
    0.8154413 0.3365622 0.3570545 
    -0.6554857 -0.5243748 0.7163833 
   3 3
    0.5054495 -0.5130833 0.5578599 
    0.4354413 -0.4134378 -0.5129455 
    -0.5154857 0.7456252 0.5363833 
  3
   3 3
    -0.8609950 -0.1214058 -0.1811049 
    -0.8907699 0.7891614 0.1693706 
    -0.4908783 0.1185938 -0.9708570 
   3 3
    0.8690050 -0.0214058 -0.9811049 
    0.0992301 -0.5108386 -0.9806294 
    -0.3408783 0.4385938 -0.4008570 
   3 3
    -0.3409950 0.9185942 0.8688951 
    -0.8107699 -0.4408386 0.5893706 
    0.3491217 0.3785938 0.5191430 
 8
  4
   3 3
    -0.3806749 0.8509169 0.9710658 
    -0.9499166 0.9803467 -0.7590218 
    -0.3099753 0.7899148 -0.0793027 
   3 3
    0.2798085 -0.8599434 -0.3197567 
    -0.2305357 0.0698395 0.8297473 
    -0.2103153 0.5295341 -0.6203143 
   3 3
    -0.5702942 -0.2194584 -0.6589853 
    -0.4700504 0.9704878 0.9309698 
    -0.4399717 -0.1393377 -0.2696075 
   3 3
    -0.8802955 0.6898836 0.7603296 
    0.6894822 0.8293897 0.6200492 
    0.6602291 0.3999335 0.5995736 
  4
   3 3
    -0.6204800 0.9798198 0.1798594 
    -0.2401526 0.9299122 0.9599770 
    -0.3802360 -0.5398507 0.4501930 
   3 3
    -0.4400441 0.0299063 0.8398609 
    -0.1899921 -0.3300506 0.0499846 
    -0.4300811 -0.6400356 -0.1200364 
   3 3
    0.7097797 -0.9701198 0.7999246 
    -0.1699414 0.4498973 0.8899988 
    0.7499254 0.7999361 -0.6997208 
   3 3
    -0.6700261 -0.6499685 0.9697989 
    0.9800347 -0.2700617 0.4699225 
    -0.3200289 0.0199368 0.4000131 
  4
   3 3
    0.5410306 -0.3689136 -0.0302325 
    0.9416347 -0.6585260 -0.4796963 
    0.7419605 -0.2984199 0.9709759 
   3 3
    0.1504390 -0.5498931 0.2996579 
    0.4601493 -0.7000595 0.6496973 
    -0.0496094 -0.7198676 0.9097863 
   3 3
    -0.5783296 -0.5187833 -0.0693726 
    0.8217682 -0.3584172 -0.9091313 
    0.2015606 0.7713060 0.8212285 
   3 3
    0.1409372 -0.2496422 0.8698153 
    0.7407307 0.8102648 -0.9802521 
    -0.7691861 0.7605130 0.8899065 
  4
   3 3
    0.1996791 -0.4074327 0.1411406 
    -0.3703698 0.0122526 0.6208022 
    0.0815801 -0.1663989 -0.7368942 
   3 3
    0.1797855 0.5495586 0.5495947 
    -0.4798356 -0.3099812 0.8195755 
    0.9104255 0.9604859 0.6403518 
   3 3
    0.9408689 -0.8083360 0.4017281 
    0.8307272 -0.0481280 -0.5781651 
    0.9422197 0.6833182 -0.3969598 
   3 3
    -0.4996761 0.2297659 -0.7606705 
    0.3605672 -0.5696706 -0.1700902 
    -0.4993025 -0.4091923 0.3607441 
  4
   3 3
    -0.1938922 -0.1858327 0.4447730 
    -0.5545551 -0.7258961 0.6442746 
    0.3653617 0.6241965 -0.4061251 
   3 3
    0.7805413 0.5606748 -0.7293549 
    -0.6093248 -0.9397555 0.0205568 
    -0.8494250 0.4204209 -0.0295269 
   3 3
    -0.0047965 0.4431803 0.5642649 
    0.8757329 0.0830581 0.2438900 
    0.5950366 -0.9773355 0.6134903 
   3 3
    -0.1385468 -0.0095553 -0.9688637 
    -0.6586810 0.3102746 -0.6391165 
    0.7919909 0.2700357 -0.3688703 
  4
   3 3
    -0.6489910 -0.9989267 -0.6689330 
    0.3216511 -0.4883173 0.2915919 
    -0.1082732 -0.6083241 -0.6282970 
   3 3
    0.6499936 0.9801065 0.9100788 
    0.2602216 -0.6397743 -0.5798691 
    -0.1898198 -0.2998287 0.7402372 
   3 3
    0.1706840 -0.9890838 0.0110096 
    0.3211740 -0.0385519 0.1714432 
    0.0913438 -0.4985129 -0.3684681 
   3 3
    -0.5798807 0.8301004 -0.5198089 
    -0.1497619 0.7004204 -0.9996688 
    -0.2997308 0.0303525 -0.4796233 
  4
   3 3
    -0.7793423 -0.3093732 -0.0104005 
    0.4794383 0.3810116 0.0095061 
    -0.5100062 -0.2884602 0.4897604 
   3 3
    0.1799390 0.8000205 0.5201775 
    0.8099949 0.7501061 0.3499765 
    0.8098663 -0.3995608 0.0603424 
   3 3
    0.8202342 0.3094329 0.6106070 
    0.8601839 -0.1806000 0.0507598 
    -0.7101478 -0.2903751 0.6608854 
   3 3
    -0.3002527 -0.9799610 0.5301488 
    0.4698313 -0.7596325 0.7404985 
    -0.5402067 0.7202685 0.1308852 
  4
   3 3
    -0.1218550 0.5885132 0.5188866 
    0.4584438 -0.0714937 -0.6511386 
    0.0678965 -0.2119836 0.1687817 
   3 3
    0.6397042 0.0798157 0.4000033 
    0.2997519 0.3001124 0.4300036 
    -0.6400902 -0.2301179 0.6701320 
   3 3
    -0.9010487 -0.2421880 -0.0812642 
    -0.2513131 0.2683579 -0.8213107 
    -0.4120813 0.2783070 -0.3818810 
   3 3
    0.7596418 -0.1902061 -0.6001529 
    -0.3303048 0.2199088 -0.9999526 
    0.7094610 -0.8001060 -0.5500600 
 16
  8
   3 3
    -0.0028052 0.1282625 -0.1704350 
    -0.8320482 0.0185658 0.0497986 
    -0.1226019 -0.4425212 -0.6015148 
   3 3
    0.2763400 0.4075172 0.1198093 
    0.4372008 0.0577449 -0.4401492 
    0.6560281 -0.9334910 -0.2914137 
   3 3
    -0.6431775 0.2979911 -0.6899951 
    -0.9024940 -0.9318375 0.0197761 
    -0.0633510 -0.2128421 -0.8412991 
   3 3
    -0.2828349 0.8280049 0.6498474 
    0.7076817 -0.6416015 -0.2201329 
    -0.9429947 -0.4724110 0.8090204 
   3 3
    0.1068410 0.4078755 0.8899055 
    0.5175865 -0.7918179 0.2999122 
    -0.8431694 0.1671619 0.8787910 
   3 3
    -0.2802305 -0.6401667 0.4699954 
    0.4398105 -0.7601757 -0.2300412 
    0.7497245 -0.6602329 -0.1601127 
   3 3
    -0.7130568 0.2779024 0.1598078 
    0.9675925 -1.0019176 -0.4901005 
    0.6168578 0.2271204 -0.1311719 
   3 3
    -0.5911866 0.2992199 0.3999602 
    0.7390815 0.9292997 -0.6699397 
    0.6286753 0.4489442 -0.9403517 
  8
   3 3
    -0.4095698 -0.4297116 0.2203775 
    -0.0496510 -0.1298511 -0.9694868 
    -0.8895015 -0.6395520 0.5505652 
   3 3
    -0.3694610 0.9903454 -0.2096019 
    0.5004359 0.9202427 0.6105546 
    -0.5693435 0.1805013 0.5406284 
   3 3
    -0.2395185 -0.1896966 -0.4796365 
    -0.6496447 0.2602357 0.6504894 
    -0.3694370 0.6004700 0.5106124 
   3 3
    0.2704412 0.4202789 -0.1896835 
    -0.8496596 -0.9898260 -0.0896137 
    -0.1095186 -0.0396309 0.3005277 
   3 3
    -0.5595087 -0.3997057 0.6603193 
    -0.9996640 0.2302026 0.1704341 
    -0.6894767 -0.7495643 -0.3894608 
   3 3
    0.4400323 -0.3199766 0.7900242 
    -0.0199773 -0.0299854 -0.3999640 
    0.0200412 -0.1599744 0.8700457 
   3 3
    -0.7995353 0.4703081 -0.0096655 
    0.7103760 -0.2597737 -0.5895548 
    -0.9494663 -0.5895357 -0.5794927 
   3 3
    -0.0398455 -0.1798864 -0.0898849 
    -0.7398690 0.2700730 0.5101495 
    0.4401986 0.2701543 -0.7398364 
  8
   3 3
    0.1496218 -0.9322940 0.0084166 
    -0.4609818 -0.7293904 -0.9980298 
    0.5379037 0.5005716 -0.2589749 
   3 3
    0.9491277 0.5476127 0.1476943 
    0.8997820 -0.9691735 0.9721416 
    -0.6713939 -0.7104504 -0.2392413 
   3 3
    0.8390355 0.2581433 -0.9717798 
    -0.9006161 0.8811233 0.1324957 
    -0.3916130 -0.3701794 -0.8493290 
   3 3
    0.3291008 0.1786138 0.1983112 
    0.0196632 0.8605742 0.2719691 
    0.5483466 -0.6007187 0.0610052 
   3 3
    0.5491097 0.4581520 -0.4418704 
    0.8094342 -0.0593790 -0.8780241 
    -0.5212817 -0.1604475 0.6708149 
   3 3
    -0.5401593 0.1698145 0.9698382 
    0.2199301 -0.4700190 -0.2498686 
    -0.2200867 -0.8501476 -0.8500195 
   3 3
    0.9092447 -0.2416847 -0.7017762 
    0.5898240 0.6209387 0.4919839 
    -0.2113691 -0.3603497 -0.1290934 
   3 3
    0.5797663 -0.8005724 -0.2107165 
    -0.3599364 0.2704010 -0.7394024 
    -0.2804885 0.0895806 -0.2797844 
  8
   3 3
    -0.7220098 0.0786438 -0.5517014 
    -0.5721161 -0.4912974 -0.2719947 
    -0.2724392 -0.9022414 -0.6528757 
   3 3
    0.7374704 -0.5915984 -0.0028760 
    -0.3925155 0.9884484 -0.2828507 
    0.4071392 -0.8527590 0.5061404 
   3 3
    0.1877602 -0.1214996 -0.4024693 
    0.9076762 0.2385783 -0.8225552 
    -0.0126771 0.2773547 0.2466501 
   3 3
    -0.2417762 -0.6712980 0.5479102 
    0.0581271 -0.3912789 -0.8520650 
    0.5078492 0.0376846 -0.3328606 
   3 3
    -0.7621248 0.2986342 -0.7123826 
    -0.4021053 0.0386595 -0.2924286 
    0.1176324 0.1776032 -0.3032373 
   3 3
    0.3598290 -0.8901106 -0.6202356 
    -0.1301328 -0.1800973 0.2597850 
    0.4798407 -0.2701780 -0.9802532 
   3 3
    0.1779146 0.2386649 -0.1722385 
    0.9478838 -1.0013366 0.1576939 
    0.5074790 0.0576417 0.2968464 
   3 3
    0.1792023 -0.9104707 0.8590275 
    0.3692212 0.8494971 0.1590808 
    0.6690866 -0.5508453 0.7287533 
  8
   3 3
    0.7641730 0.8543464 -0.9074146 
    0.3135654 -0.4475853 -0.1463009 
    0.6640209 -0.4983512 -0.1465519 
   3 3
    -0.1741589 0.5346615 0.4342994 
    0.6439375 -0.7574250 0.0456770 
    0.5138880 0.6121326 -0.1045760 
   3 3
    -0.3251288 0.2840492 -0.1269312 
    -0.5962740 0.1831023 0.9641763 
    -0.1667039 0.7925141 0.9447269 
   3 3
    0.3738642 -0.7065273 -0.6867751 
    -0.2673701 0.5828025 -0.8360006 
    -0.6567954 -0.1078385 -0.7666044 
   3 3
    0.1950370 -0.4463545 -0.2665313 
    0.5635827 -0.1073114 0.7946278 
    -0.0070300 -0.4578766 -0.9657041 
   3 3
    0.5503980 0.5703807 0.6402835 
    -0.5498144 -0.7596586 -0.0695486 
    0.3200152 -0.8297613 0.6304495 
   3 3
    -0.1950030 -0.4764593 0.4234582 
    -0.2562401 0.9021530 0.2442477 
    -0.4261865 -0.8480565 -0.1759727 
   3 3
    -0.2681759 -0.4987167 0.2313327 
    -0.0387904 0.2108399 0.3019467 
    0.2212821 -0.2188769 0.7117155 
  8
   3 3
    -0.3484614 -0.8590376 0.2808170 
    -0.7081247 -0.0583334 0.8011219 
    0.7116933 0.2113137 0.2207019 
   3 3
    -0.5279160 0.7811827 0.3808254 
    -0.1872840 -0.9580235 0.4012416 
    -0.9576132 -0.4783522 -0.3889771 
   3 3
    -0.1382910 0.2611194 -0.0891272 
    -0.4176386 -0.7284168 -0.7888072 
    -0.6479398 -0.1686835 -0.4190537 
   3 3
    -0.8184660 0.0408384 0.4007133 
    0.2921280 0.6914069 0.5410281 
    -0.4281342 0.5011445 -0.9991240 
   3 3
    0.8916909 0.2209822 0.2106174 
    -0.3577469 0.2116150 -0.4789182 
    0.5419870 -0.9686626 -0.9191008 
   3 3
    -0.0598690 0.5900643 -0.8799388 
    0.0701911 -0.5398916 0.3901042 
    0.9901697 0.0400941 0.6601092 
   3 3
    0.7216923 0.3910879 -0.9793301 
    -0.6977886 0.0916935 -0.4190188 
    0.7019790 0.9014215 0.7908168 
   3 3
    -0.2393288 0.9903271 0.3002376 
    -0.2391415 0.8906232 -0.9596111 
    0.5007751 -0.4694877 0.2503689 
  8
   3 3
    -0.3556743 -0.3770451 0.4136517 
    0.8338091 -0.6569266 -0.6763626 
    0.8534025 -0.3555860 0.4247412 
   3 3
    0.9527884 0.8614104 0.3213573 
    0.7426889 -0.3788533 0.3210405 
    0.0424177 -0.0874288 -0.2673215 
   3 3
    -0.3963073 -0.5874266 -0.2172635 
    0.8635230 0.9520748 -0.6274581 
    -0.8165295 0.0933775 -0.5763587 
   3 3
    -0.4150190 -0.6462236 0.5435334 
    -0.0352382 0.0131422 -0.8164323 
    0.9044399 -0.1457540 -0.9452111 
   3 3
    -0.7560265 -0.7670267 -0.2870906 
    0.6739495 -0.8074672 -0.8972550 
    -0.4761053 0.9438088 -0.2559268 
   3 3
    0.8595250 -0.4705822 0.6694369 
    -0.8804172 0.1393656 0.6093884 
    -0.0904068 -0.4704944 0.0895008 
   3 3
    0.2840359 -0.2768917 -0.8170166 
    0.2337922 -0.1672253 -0.9371700 
    -0.2063759 0.3338403 0.0841133 
   3 3
    -0.4922198 0.2474308 0.4673218 
    -0.4321977 0.0171605 0.7070964 
    -0.1923191 -0.3024173 0.4276925 
  8
   3 3
    -1.0001659 0.1801723 -0.3596763 
    0.0896863 -0.9999885 -0.1096645 
    -0.2003220 0.2400232 0.2503956 
   3 3
    -0.1303136 0.5602390 -0.8895984 
    0.4894890 -0.9299610 -0.1095946 
    -0.0404603 -0.8299112 0.9104647 
   3 3
    -0.8002731 -0.0197670 -0.8596715 
    0.6295372 0.4300457 -0.0996646 
    -0.4604057 -0.3699131 0.0403903 
   3 3
    0.9797441 0.0201864 0.3102833 
    -0.9103821 -0.4599601 -0.9797160 
    -0.7503420 0.1500743 -0.9796755 
   3 3
    -0.3402708 0.9502048 -0.2196819 
    0.4295640 -0.1699720 -0.6497001 
    0.5496169 0.8400650 0.9403619 
   3 3
    -0.5600275 -0.1999832 0.6300207 
    -0.6500421 0.0000015 -0.3799816 
    -0.5100325 -0.8399938 -0.9499770 
   3 3
    0.3897588 -0.2998071 -0.7896576 
    -0.5604130 -0.7899684 -0.2496564 
    0.2696216 0.8200729 0.3003960 
   3 3
    0.2898871 -0.9299236 -0.5498844 
    -0.1701794 -0.7499801 -0.5898871 
    0.6198478 0.6800356 -0.2398599 
  8
   3 3
    0.2097256 0.5595066 0.6097109 
    -0.2201969 -0.0404332 -0.6902384 
    -0.0104383 -0.0806748 -0.9604523 
   3 3
    0.2696043 0.7094181 0.8596669 
    -0.4303272 0.0094863 0.4497393 
    0.0193390 0.8391463 0.6993947 
   3 3
    -0.0502917 -0.0204549 0.3897005 
    0.2297282 -0.5304576 -0.8602535 
    0.8295035 0.4292941 0.3394496 
   3 3
    -0.7202359 -0.9803461 -0.1102654 
    0.7297269 -0.2503365 -0.5502138 
    0.3395501 0.5294241 -0.0704570 
   3 3
    0.1696754 -0.9504684 0.3697044 
    0.2197148 0.3195903 0.0897823 
    -0.4005107 0.4093298 0.6195126 
   3 3
    -0.9400341 0.9499647 0.4599756 
    0.7599747 -0.0900317 -0.5500186 
    -0.3300403 -0.8600501 -0.5600400 
   3 3
    -0.1802906 0.4995348 0.8697255 
    -0.8402805 0.2995772 0.4097829 
    0.0494865 0.0293113 -0.8404911 
   3 3
    0.0198889 -0.6301831 0.6999013 
    0.4798771 0.0598395 0.2699110 
    -0.1502228 0.7997381 -0.8901924 
  8
   3 3
    -0.4803489 -0.5717681 -0.9488891 
    -0.5205073 0.2480519 0.0712469 
    -0.6405480 -0.0716735 -0.6286458 
   3 3
    0.7687896 0.9774301 -0.0782943 
    0.4585901 -0.4828264 -0.1885508 
    0.1589701 -1.0023773 0.8715625 
   3 3
    0.9489221 -0.6218863 0.2015079 
    -0.9411733 0.8380007 0.6116519 
    0.5788670 -0.0720157 0.6012383 
   3 3
    -0.4310014 -0.0017517 -0.1286726 
    -0.5211242 0.0382573 0.3013629 
    -0.9509444 0.5182859 -0.9287953 
   3 3
    -0.3611202 0.3980069 0.0013682 
    0.0087227 -0.3022272 -0.4987732 
    0.9289105 -0.8419129 -0.4487572 
   3 3
    -0.2601382 -0.1602035 -0.9298842 
    -0.8701645 -0.2102489 -0.5499174 
    0.3299027 -0.6302154 0.8200742 
   3 3
    -0.5409195 0.4680255 -0.2486277 
    0.5788972 -0.9619357 0.2713705 
    0.9791460 -0.4818038 -0.6886219 
   3 3
    -0.2004733 -0.4307433 0.8305450 
    -0.1205613 0.2091925 -0.2395137 
    0.3996140 0.7393232 0.4605468 
  8
   3 3
    -0.9696500 0.9605454 0.1406128 
    0.8503291 0.9504700 -0.3894148 
    -0.8798954 0.0501645 -0.3496525 
   3 3
    0.3904318 0.0306075 -0.2992182 
    0.7003645 0.8405454 -0.2092234 
    0.0500854 -0.7597528 0.5304938 
   3 3
    0.8103855 0.6405642 -0.2093283 
    0.2702746 0.0704539 0.5106621 
    -0.5899287 -0.4298016 -0.0395788 
   3 3
    -0.1296863 -0.3695598 0.5905987 
    0.6402102 -0.3396060 0.5605769 
    -0.2199485 -0.4898108 0.5103379 
   3 3
    -0.0896517 -0.8495105 -0.4393513 
    0.0902891 0.5404421 0.1206346 
    0.7900501 -0.2398002 -0.0396161 
   3 3
    -0.8999738 0.3300347 -0.2799581 
    0.6300186 0.1500316 -0.6399509 
    0.9500019 0.9400146 -0.0399661 
   3 3
    0.4603665 0.8805050 0.5306621 
    0.9402929 -0.2495337 0.6806572 
    0.5400569 0.9201896 -0.6596115 
   3 3
    0.1001303 -0.7798178 -0.6297484 
    -0.8698908 0.1401665 -0.4797460 
    -0.7899788 -0.7699060 -0.9398345 
  8
   3 3
    -0.5805207 -0.7316027 -0.7132050 
    -0.1000690 0.7289525 -0.8339357 
    -0.5693618 0.6693669 -0.5540415 
   3 3
    -0.8807695 0.2082615 -0.6339996 
    0.9799173 0.8289829 -0.8949812 
    -0.6397369 0.4792948 0.2452721 
   3 3
    -0.6006999 0.2186058 -0.0038597 
    0.9902153 -0.9306070 -0.9447709 
    -0.6697372 0.8896149 0.2254201 
   3 3
    -0.9903905 0.9389113 -0.9731876 
    -0.6400760 0.8794000 0.8161658 
    -0.8197167 -0.2201804 0.5463566 
   3 3
    0.8694234 -0.2614022 0.2165205 
    0.8401333 -0.6205685 0.9559188 
    0.7304880 -0.6403316 0.3060200 
   3 3
    0.8499530 -0.7600344 -0.2002692 
    -0.3799908 -0.8299346 -0.9802624 
    0.6299941 -0.8399425 -0.9102528 
   3 3
    0.6895389 -0.9916606 0.4965713 
    -0.0798192 -0.9710229 -0.0343223 
    -0.5295290 0.9092865 -0.1541055 
   3 3
    -0.7101591 0.6095564 0.1586549 
    0.3599899 0.0097267 0.4184076 
    -0.8898807 -0.6303170 0.3184772 
  8
   3 3
    0.7136271 0.2430439 0.2930576 
    0.3347115 -0.5368658 0.3016824 
    -0.6419115 -0.0950320 -0.1482535 
   3 3
    0.3232955 0.3810640 -0.7090749 
    0.7037490 0.1913827 0.4213452 
    -0.6132491 -0.9187740 -0.5694982 
   3 3
    0.8035642 -0.8085358 -0.1884147 
    0.1245433 -0.7367943 -0.5575618 
    -0.6723862 0.1639279 0.9227591 
   3 3
    0.2947749 -0.6064393 0.5431229 
    -0.5655218 0.6334339 -0.1964243 
    0.2568107 -0.0252006 0.2744205 
   3 3
    -0.4254765 0.3425353 -0.8177933 
    -0.0455891 -0.8067975 0.0929603 
    0.2571893 0.9033293 0.8232990 
   3 3
    -0.7803446 -0.7004717 0.9194638 
    -0.3404328 0.6294538 0.6396293 
    -0.0003809 -0.7207171 0.4295091 
   3 3
    -0.0358197 -0.3875347 -0.4079490 
    -0.1053638 0.4325914 -0.4873704 
    0.9775609 0.8835792 -0.8377932 
   3 3
    -0.2120770 0.1473254 0.1471145 
    0.5880280 0.2471294 -0.9826274 
    0.2987031 0.7372458 -0.7725879 
  8
   3 3
    -0.1680030 0.9217299 0.8827050 
    0.7811248 -0.0980225 -0.9772836 
    0.9011418 0.3225838 0.4624863 
   3 3
    -0.5704711 0.2996578 -0.1301522 
    -0.4003974 0.6096778 -0.9701563 
    0.7495986 0.1999636 -0.2000453 
   3 3
    0.3011346 -0.9692194 -0.4584402 
    0.5310427 0.9608175 0.0714304 
    0.6708565 0.2410612 0.3314069 
   3 3
    0.1625795 0.9623132 -0.2574525 
    -0.2274355 -0.6778254 -0.7972836 
    -0.8178703 -0.8878312 -0.3673219 
   3 3
    -0.7884758 -0.9784755 0.4817438 
    0.6813704 -0.5386325 -0.1982440 
    -0.4284631 0.0716130 0.9418309 
   3 3
    -0.8606486 -0.6307120 -0.3106982 
    -0.5306396 0.6792689 -0.2706983 
    -0.4505741 0.2192955 -0.7806588 
   3 3
    0.1412819 -0.5883406 0.4618414 
    -0.5185370 0.5916758 0.4318648 
    -0.2386673 0.8915849 0.2818964 
   3 3
    -0.0231300 -0.9131453 0.4067488 
    0.1368598 -0.6931139 0.4367907 
    -0.3730936 0.5165871 0.4368233 
  8
   3 3
    0.8646249 0.8340624 -0.1659190 
    -0.9149412 -0.0154145 -0.2150803 
    0.0742490 0.4744317 0.9046563 
   3 3
    -0.9643700 -0.7543088 0.8051281 
    0.3265190 0.2265927 0.4160716 
    -0.2641946 -0.6340590 0.2455223 
   3 3
    0.6949344 -0.4750520 -0.2356640 
    -0.3443590 0.4856328 0.9152332 
    -0.2948127 -0.5948837 -0.2853467 
   3 3
    0.1141747 0.0544110 -0.5262686 
    -0.2650680 -0.0850765 -0.6956926 
    0.5643915 -0.4857600 0.2839699 
   3 3
    0.8646737 0.1047417 -0.7158903 
    0.7653618 0.1354146 -0.4750648 
    0.5647538 0.9749110 0.7546066 
   3 3
    -0.0296658 -0.7796220 0.6303244 
    -0.7895802 0.9204665 -0.8495940 
    -0.4996102 -0.4296013 0.1603584 
   3 3
    0.9346643 0.2747241 0.0842691 
    -0.3546239 0.9154873 -0.8550117 
    -0.3552577 -0.3551475 0.0545201 
   3 3
    -0.5382303 0.7218407 0.0915904 
    0.2720531 0.5921806 -0.8081988 
    0.5519120 0.3519101 -0.1484000 
  8
   3 3
    -0.3499382 0.1699641 -0.4200738 
    0.8100109 0.1000412 0.3799909 
    -0.1000987 0.7400510 0.2899976 
   3 3
    0.0400833 0.9000698 0.9299151 
    0.6100867 -0.6299151 0.1699375 
    -0.7800811 0.6399503 -0.2400440 
   3 3
    -0.5799364 0.1900458 -0.8800721 
    -0.2099352 0.2601000 -0.4400415 
    0.6099338 -0.3900040 0.4899686 
   3 3
    -0.3399572 0.1100601 -0.8400651 
    0.1500534 0.7600602 0.3299506 
    0.7399291 0.0999716 0.9500306 
   3 3
    0.1200571 0.5200506 0.2199431 
    0.9300763 -0.4399121 0.1199842 
    0.3799471 0.6899736 0.4900054 
   3 3
    -0.4499907 0.9200103 -0.3500035 
    0.3200113 0.8600065 0.8399943 
    -0.0400073 -0.3500076 -0.3700091 
   3 3
    0.0400492 -0.7399418 -0.2400632 
    -0.9499306 -0.5499287 0.3899601 
    -0.7800484 0.1199883 -0.3299931 
   3 3
    0.0700117 -0.6199756 0.7699548 
    -0.4499864 0.0200248 0.2899602 
    0.7699878 -0.0500220 0.3699646 
 16
  16
   3 3
    -0.9600831 -0.3699278 0.8100469 
    0.3799386 -0.3299347 -0.4999253 
    0.9200148 0.8101676 0.6901619 
   3 3
    -0.0300108 0.5000193 -0.5999929 
    0.3999928 -0.5699783 0.9800067 
    0.6800022 0.1500306 0.8100225 
   3 3
    0.6694762 0.1303627 0.2103075 
    -0.8304285 -0.8896850 -0.1994782 
    -0.1298994 -0.6690928 0.5010887 
   3 3
    -0.4500500 0.0200516 0.8300218 
    0.2799716 -0.4199650 -0.5299589 
    -0.3899917 0.4800953 -0.3399118 
   3 3
    0.1093402 0.4104803 0.9904953 
    -0.6804883 -0.6194530 0.4907299 
    -0.2798714 0.3112265 0.4412828 
   3 3
    -0.7700443 -0.0099628 -0.3999639 
    -0.9600431 -0.8099283 0.2500428 
    -0.2299899 -0.6398815 0.3601048 
   3 3
    0.0898994 -0.2499426 0.2100208 
    -0.4000589 -0.1799458 0.7500933 
    -0.5699876 -0.8898452 -0.6698395 
   3 3
    -0.5800078 -0.2799881 0.8200043 
    -0.3900045 0.3600104 -0.2499938 
    -0.3999986 0.6800161 0.1300148 
   3 3
    0.6190714 0.9307683 -0.5592201 
    0.0592704 -0.8390324 -0.0390245 
    0.1801950 0.7219000 0.1518922 
   3 3
    -0.5701400 -0.9798608 0.0300946 
    0.3099019 0.1101454 0.3001262 
    -0.4699739 0.2303027 -0.8797274 
   3 3
    -0.7209399 0.1907780 -0.7692113 
    -0.8607443 0.6109812 -0.5190128 
    0.4801980 -0.7780754 0.8419230 
   3 3
    -0.7701067 -0.6498934 0.0401339 
    -0.1200796 0.9701566 -0.0298860 
    -0.1499715 -0.4497592 -0.3497759 
   3 3
    0.8095273 0.7402973 0.9003183 
    -0.5203365 0.6903137 0.9204471 
    0.0300843 0.0108039 -0.4491475 
   3 3
    -0.6708365 0.0606491 0.7907207 
    0.9693273 -0.1391681 -0.4990994 
    0.7301708 -0.4783519 -0.8883108 
   3 3
    -0.7908950 -0.9992758 0.8607367 
    0.5692958 0.7509086 0.7309335 
    -0.3898139 -0.3581862 0.7018253 
   3 3
    0.1090715 0.4907752 0.7707778 
    0.7592656 -0.1790292 0.5109757 
    0.1801951 -0.1781070 0.2119004 
  16
   3 3
    -0.4902552 0.3996839 0.7100803 
    -0.8603092 0.1296761 0.2300639 
    0.5197738 -0.3003011 -0.0099108 
   3 3
    0.2499683 0.3199598 0.1500163 
    -0.5300158 -0.5700566 -0.3599988 
    -0.7500277 0.7099475 -0.0199845 
   3 3
    0.7584647 -0.5818156 0.8002490 
    -0.5119962 0.0379428 0.1704392 
    0.7482176 0.7383454 -0.1293681 
   3 3
    -0.9301726 0.7497836 -0.9399435 
    0.2598541 -0.7402577 -0.0099865 
    -0.5101512 -0.5902148 -0.8799429 
   3 3
    0.2379453 0.9279357 -0.1695094 
    -0.7722093 0.1877977 0.6705100 
    0.3780303 0.1782512 0.6209706 
   3 3
    0.5398343 0.4298073 -0.1499532 
    -0.9601761 -0.2801962 0.2700597 
    0.3598452 -0.2701557 0.8400961 
   3 3
    -0.4703123 -0.5103534 0.5800475 
    -0.0803300 -0.4405038 -0.1399638 
    -0.0102946 0.3396558 0.1201460 
   3 3
    0.4999716 0.3499749 0.0500128 
    0.6199862 -0.4000373 -0.4899989 
    0.9699810 -0.6500325 0.2200077 
   3 3
    0.1567003 0.2567311 -0.5990716 
    -0.2232673 -0.2032569 0.8409117 
    0.1572390 -0.6327635 -0.9185802 
   3 3
    -0.5705198 0.7294157 -0.1898100 
    0.7894168 -0.7305884 0.3002002 
    -0.1004511 -0.2905046 0.3901952 
   3 3
    0.7566834 0.2166900 -0.2690786 
    -0.6033298 -0.2832911 -0.9090592 
    0.4571835 0.8672008 -0.7885574 
   3 3
    0.9694244 0.8395635 -0.4397892 
    -0.2905366 -0.4703824 0.8202509 
    0.1096600 0.3096042 -0.8497893 
   3 3
    -0.5315923 0.9885942 -0.4795589 
    -0.4516458 0.9485151 -0.7496675 
    -0.1114892 0.7385258 -0.9593012 
   3 3
    0.7069340 -0.3626797 -0.2391557 
    0.0971079 0.9171860 0.9807972 
    0.8375360 -0.6723901 -0.7686333 
   3 3
    0.4469286 0.3069090 -0.8991507 
    0.1767988 -0.2031324 0.4609141 
    0.7372442 0.5073477 0.9913975 
   3 3
    0.0867087 -0.3832588 -0.1690709 
    0.2367197 -0.3832643 -0.1790685 
    0.2772128 -0.3127699 -0.2285733 
  16
   3 3
    -0.6003061 0.7595738 -0.5404398 
    -0.3705384 -0.2703045 0.7698251 
    -0.2705273 0.9096829 -0.9101294 
   3 3
    0.7199559 0.1799411 0.5999325 
    0.7099220 -0.7300454 0.7399855 
    -0.9400678 0.0299843 0.8799691 
   3 3
    -0.1118806 -0.6924418 -0.4227101 
    0.1769577 -0.1216682 -0.8411409 
    0.2167972 0.4982476 0.4594825 
   3 3
    0.9098180 -0.6002414 0.3896771 
    -0.9603605 -0.1902252 0.1498870 
    -0.5002841 0.4397752 0.8898920 
   3 3
    0.7875760 0.6971217 0.3169232 
    0.3961837 0.4179379 -0.5009396 
    -0.4836311 -0.3517199 -0.2302052 
   3 3
    0.7798154 -0.2802645 0.7997616 
    0.6697208 0.1297932 0.6299158 
    -0.7503206 -0.6900996 -0.4800420 
   3 3
    -0.5903301 0.5395273 -0.9806630 
    0.3992557 -0.0305696 -0.5703313 
    -0.2106037 0.0094522 -0.2401803 
   3 3
    0.4599729 0.0299643 0.7199554 
    0.3499477 -0.6600217 0.4199915 
    -0.3200409 0.7399860 -0.6400159 
   3 3
    -0.3037887 0.7753406 -0.4646612 
    0.4742147 0.5565107 -0.2214584 
    -0.2057569 0.2273908 0.9094300 
   3 3
    -0.5605440 0.4791769 0.7392322 
    -0.0409406 0.4194440 -0.2002179 
    -0.5009135 -0.1803740 0.7698055 
   3 3
    -0.0738402 0.1252631 -0.7047096 
    0.2041650 -0.4135147 -0.1514983 
    -0.0658547 0.4673882 0.1894306 
   3 3
    -0.6405496 0.6692429 -0.5505805 
    -0.7507335 -0.6304185 -0.7700859 
    -0.6907574 0.8497493 0.3200020 
   3 3
    0.0880800 -0.3423149 -0.4523225 
    -0.4831868 -0.3821832 0.5589158 
    -0.7429939 0.5781126 -0.0205720 
   3 3
    0.0665051 -0.9241910 0.3157854 
    -0.6453797 -0.4634486 -0.5514015 
    -0.3353719 0.7473374 -0.4404041 
   3 3
    0.5164195 -0.3144906 -0.9744076 
    -0.7654838 -0.4232879 0.6986323 
    -0.7955322 -0.6524363 -0.9205626 
   3 3
    0.9662129 -0.3446847 0.4453376 
    0.2842150 0.2665290 0.6285341 
    0.3542079 0.7874267 -0.7505667 
  16
   3 3
    -0.2900004 -0.2800003 -0.2300005 
    0.2799996 0.7599996 -0.0100005 
    -0.1700004 -1.0000004 0.5699995 
   3 3
    -0.4600001 0.7399999 0.4399999 
    -0.8600001 0.2299999 0.6199999 
    0.5899999 -0.4800000 -0.1100001 
   3 3
    0.2299976 0.3999976 -0.3200034 
    -0.0000018 0.8499975 0.7699969 
    -0.6400015 0.2699974 0.9399969 
   3 3
    0.3199997 0.5399998 -0.5300003 
    -0.1800002 0.7699998 0.1899997 
    0.1099998 -0.4300002 -0.0500003 
   3 3
    -0.9000031 0.4099968 -0.5200039 
    0.1899971 0.9499965 0.7399960 
    -0.3700025 -0.9100031 -0.0300041 
   3 3
    -0.7500003 0.1999998 0.0099997 
    0.1399997 -0.5700002 -0.5900004 
    0.3399997 -0.0400002 -0.7400003 
   3 3
    -0.3600004 0.3199997 0.0599995 
    -0.4200004 -0.8400004 -0.8800004 
    0.0499997 -0.0200003 0.8899995 
   3 3
    0.7599999 -0.9100000 -0.5300001 
    -0.7700001 0.7200000 0.4000000 
    -0.7700000 -0.0900000 0.3500000 
   3 3
    0.9699954 0.5499953 -0.0400062 
    -0.0600047 0.3199952 -0.8400062 
    0.9499956 0.9899956 -0.8800059 
   3 3
    0.8899993 -0.1500006 0.0799989 
    -0.8500007 0.4899994 0.9199990 
    -0.2700007 -0.9300006 -0.9200008 
   3 3
    -0.1500047 -0.3600048 -0.4200063 
    -0.7300047 0.9199952 -0.8100063 
    -0.2600044 -0.8400045 0.9099940 
   3 3
    0.6599994 0.9099993 -0.1700011 
    -0.4700006 0.8899996 0.8999990 
    0.4899994 -0.1700004 0.2199992 
   3 3
    0.1699980 -0.6900023 0.2099971 
    -0.1900018 -0.8000024 -0.9300030 
    0.4099984 0.8699980 0.5599971 
   3 3
    0.3299961 -0.3900044 0.1599945 
    -0.0700041 0.4599956 0.7999947 
    0.0299961 0.7299959 0.7299946 
   3 3
    0.2299955 0.9899954 0.4099940 
    0.1399956 0.1699954 0.3199939 
    0.4899959 0.6999958 0.2099943 
   3 3
    0.3899953 -0.2900048 0.5699938 
    -0.3800047 0.8899953 0.3999938 
    0.3499957 -0.3000044 0.5999941 
  16
   3 3
    0.4700039 -0.5399964 0.8400034 
    -0.2799961 0.2100035 0.3600037 
    -0.8699978 -0.6399971 -0.4699989 
   3 3
    0.4600006 0.3700009 -0.7599992 
    -0.8099992 -0.2299994 -0.0499996 
    0.7600005 -0.0899996 -0.6399996 
   3 3
    0.1600221 -0.7399809 -0.4099815 
    -0.7199730 0.2100224 -0.7699761 
    0.2800126 0.7200180 -0.2799903 
   3 3
    -0.5999977 -0.0899973 -0.8499972 
    -0.0099971 0.9000021 -0.8599982 
    -0.1599990 -0.3699979 0.3500007 
   3 3
    0.7200273 -0.7199744 0.2300257 
    -0.7499677 0.2600301 -0.3899752 
    -0.9899806 0.4600251 0.3800150 
   3 3
    -0.0299979 -0.2599977 0.8100020 
    -0.1499977 0.4300025 -0.9299979 
    0.4400021 0.2300012 -0.1999980 
   3 3
    0.6700028 -0.4899965 -0.9599967 
    -0.5999964 -0.0799981 -0.0499978 
    -0.9299986 0.4300039 -0.6199985 
   3 3
    0.7300004 -0.7299994 0.0100006 
    0.0900006 0.9900004 -0.1899997 
    0.8400003 0.7700003 -0.9199998 
   3 3
    -0.5499612 0.7800389 0.0600392 
    0.3500466 -0.7299529 0.8000387 
    0.1600316 0.1300317 -0.2499766 
   3 3
    -0.2399936 -0.4299923 0.9900064 
    0.5600084 -0.7499934 -0.4999922 
    0.6100039 -0.8299948 -0.0599961 
   3 3
    -0.9199607 -0.7599609 -0.6199608 
    -0.5399526 0.9800478 -0.8299604 
    -0.0099680 -0.4099681 0.6900240 
   3 3
    0.8100048 -0.5699941 0.4600055 
    0.4100065 -0.5899920 0.2400075 
    -0.5299940 0.2800038 0.5200040 
   3 3
    0.7900152 -0.5499839 -0.3499843 
    -0.4499806 -0.2699816 -0.2599852 
    -0.9399887 -0.7099845 -0.0099915 
   3 3
    -0.9199691 0.4200323 -0.3199671 
    0.0300390 0.5100407 -0.0699697 
    -0.0699724 0.9700269 -0.5699808 
   3 3
    0.1000377 -0.0299616 -0.4599637 
    -0.6899545 -0.2199553 -0.5099622 
    0.7700304 0.7100307 -0.0999767 
   3 3
    -0.4599612 -0.8199608 -0.8099609 
    0.5800472 0.4900470 -0.8399609 
    0.7500318 -0.9599685 -0.1099763 
  16
   3 3
    -0.8577683 0.1916141 0.1316648 
    -0.4280352 0.8114527 -0.8983441 
    -0.3681010 -0.8681138 -0.5979946 
   3 3
    0.1304514 0.4202975 -0.8896785 
    -0.9696415 0.9601647 0.8102463 
    0.7403165 0.5402918 0.3103454 
   3 3
    0.9118998 -0.1813238 -0.1218722 
    -0.1980753 0.3193974 -0.4902623 
    0.0311622 -0.6679480 -0.7777398 
   3 3
    0.1514973 -0.9887907 -0.5287241 
    -0.6887726 -0.8391640 0.1811651 
    0.4410897 -0.7488292 -0.0086790 
   3 3
    0.0855353 -0.0990400 0.1302267 
    0.4856277 -0.9688883 -0.4389202 
    0.1250759 0.5854651 -0.9550734 
   3 3
    -0.0787374 0.3208255 0.1009701 
    -0.7687347 0.2208363 0.9109126 
    -0.3687553 0.5412287 0.2212799 
   3 3
    0.1323119 -0.9180574 0.0619068 
    -0.1380308 0.2315325 -0.3978536 
    -0.1480431 0.0621769 -0.7176303 
   3 3
    -0.9697359 -0.4997986 -0.4698022 
    0.0202217 0.0901229 -0.0598344 
    0.6701962 -0.4298117 -0.5197883 
   3 3
    -0.7560289 0.6972594 0.5972773 
    0.7940050 -0.3827756 -0.0827883 
    -0.1075642 -0.6175913 0.6623521 
   3 3
    -0.2058261 -0.4867102 -0.2967192 
    -0.9863186 0.6428142 -0.2167431 
    -0.3967367 -0.9765749 0.5336804 
   3 3
    0.2242018 -0.1126534 -0.3926512 
    0.5043449 -0.0824797 -0.3625631 
    0.5527039 0.4627114 0.7326718 
   3 3
    -0.9966162 0.1127414 0.8026989 
    -0.5165692 -0.1469904 0.4827911 
    -0.9371060 -0.3671202 0.6130186 
   3 3
    -0.5086959 0.5088257 0.4978867 
    -0.8589233 -0.7012980 -0.9916692 
    -0.6398693 0.8408948 0.1711437 
   3 3
    0.1610980 -0.5544446 0.1948951 
    -0.3085294 0.1656315 -0.9349715 
    -0.1900593 -0.8301229 -0.0304010 
   3 3
    0.4330312 0.6964446 -0.5938458 
    -0.3370598 0.6966269 0.0464904 
    -0.5285083 0.7117455 0.9016433 
   3 3
    0.4740422 0.2873218 -0.4727462 
    0.0840688 0.2973371 -0.9627464 
    -0.9075953 -0.0475720 0.8524084 
  16
   3 3
    0.9797673 0.4096272 -0.5703870 
    -0.5502514 -0.6603818 0.6395676 
    -0.6302357 -0.0202587 0.3197226 
   3 3
    0.3999572 -0.0500693 -0.4700595 
    0.2799522 -0.5900661 0.3299371 
    0.3199547 -0.0100323 -0.3900470 
   3 3
    -0.1413060 0.0679673 0.5376845 
    -0.3114817 -0.3422185 -0.1826599 
    0.3986315 0.4184091 -0.2316718 
   3 3
    -0.4701481 -0.1302237 0.3897375 
    -0.1801629 -0.1402287 -0.6802545 
    0.2498689 -0.1701533 -0.3401754 
   3 3
    -0.1117034 0.1973012 0.1571292 
    0.7380841 -0.8829578 -0.8831160 
    0.7881698 0.4079967 -0.9520300 
   3 3
    0.1198619 -0.7502444 0.0397822 
    0.2498506 0.1097427 0.6297336 
    -0.6901727 0.3198641 0.8198187 
   3 3
    -0.3402244 -0.2803776 0.2395290 
    0.4297285 0.2596062 0.6295372 
    -0.6602218 -0.9202687 -0.5102983 
   3 3
    -0.3400247 -0.1500404 -0.1500418 
    0.3199704 0.2699629 -0.9500406 
    -1.0000256 -0.4700236 -0.8200281 
   3 3
    -0.8826110 -0.6842775 0.1057199 
    0.6871466 -0.0345249 0.3552208 
    -0.7428600 0.7371313 0.9868722 
   3 3
    0.8895783 -0.9407065 0.3092959 
    0.7095412 -0.2807022 -0.9607949 
    -0.5304055 0.6695815 0.2994794 
   3 3
    -0.8926446 -0.9943270 -0.1043215 
    -0.8828920 -0.3345841 0.2651453 
    -0.0328986 0.5070980 -0.4631731 
   3 3
    -0.4503689 0.5093459 0.0694185 
    -0.7503640 0.1593882 -0.0806800