6
 4
  3
   3 3
    -3.5369102 +1.0024889 +0.2695339 
    -1.7469755 +0.4293665 +0.1213504 
    +0.5988673 +1.6286093 +2.2533794 
   3 3
    -4.2331102 +0.1579909 -0.8093661 
    -1.9931755 +0.4237665 +1.1719497 
    +0.7914673 +1.1009193 +1.9515794 
   3 3
    -3.3454202 -0.5362091 +0.8841349 
    -1.8906755 -0.3845345 -0.2407503 
    -0.6841327 +2.1589093 +1.0002714 
  3
   3 3
    +0.5096118 +0.9742029 +0.7954174 
    +0.0281019 +0.7484592 -0.3470978 
    -0.1831449 -0.4635801 +0.6323616 
   3 3
    -0.5123882 +0.9316029 +1.0674194 
    +0.7043018 -0.4065408 +0.8659022 
    +0.5513551 +0.4840199 -0.9629354 
   3 3
    +0.4445118 +0.7683029 +0.8949174 
    -0.9251982 +0.5396592 -0.2553978 
    -0.8404449 -0.1446801 -0.5816384 
  3
   3 3
    +0.5315481 -0.9434037 +0.1954480 
    -0.8341088 +0.7694440 +1.6659142 
    -0.0407620 +0.2182090 -0.4090599 
   3 3
    -0.8597519 +0.4426963 +1.7724490 
    -1.4558068 +1.4772430 +1.0796142 
    +0.8002384 +0.9317090 -0.0492592 
   3 3
    -0.7751519 -0.6003037 +1.1388490 
    -1.3548068 +2.1303430 +0.3520082 
    -0.1191616 +1.4536170 +0.1926401 
  3
   3 3
    +1.6548125 +0.6624310 -0.6506092 
    +0.7969412 -1.3087423 -2.0034032 
    -0.8032230 -1.3081967 -0.7439399 
   3 3
    +2.6211125 +2.0096410 -0.0010085 
    +1.7583422 -1.8769423 -0.0319995 
    -0.1106240 -0.1401909 -0.1195399 
   3 3
    +2.5861125 +0.6229310 -0.8547092 
    +0.3299422 -0.4965443 -1.2099932 
    -0.5918230 -1.9303867 -1.2978409 
 8
  4
   3 3
    -0.2493771 +0.5995616 -0.8278401 
    -0.9936678 +1.1007291 -0.2929347 
    +2.5772218 +0.6221238 +1.4594251 
   3 3
    -0.7637588 +0.5891228 +0.3731569 
    -0.2795196 +0.9181692 -1.2443090 
    +0.1314902 +0.6051800 -1.4446358 
   3 3
    -0.5752771 +1.5584430 +0.4623437 
    -0.4606065 +0.3115731 -0.1701403 
    -1.0952015 +0.1670962 +0.5596618 
   3 3
    -0.6054995 -0.0114217 +1.8698306 
    +0.5084493 +1.5305498 -0.0172275 
    +0.9697929 +2.2497446 +0.7004580 
  4
   3 3
    +1.8447698 +0.0912469 +4.0351911 
    +0.6345067 -0.4782190 +2.4104529 
    -0.8974860 +0.9377985 +0.2071611 
   3 3
    -0.3205920 +0.2258525 +0.2889193 
    -0.6669420 +0.9887867 -0.7072651 
    -0.6296149 -0.3803509 +0.7766588 
   3 3
    -1.0178409 -0.4409777 +0.1486791 
    +0.6770644 -1.0758783 -0.1550980 
    +0.7373897 -0.7542043 -0.2787508 
   3 3
    -0.3746060 +1.9097048 +0.1732719 
    +0.0901103 +0.2011357 -0.3537192 
    -0.2473846 -0.9167981 +0.0061765 
  4
   3 3
    +1.0640946 +2.2199391 +1.8286948 
    +0.5794455 +1.2005239 +2.6688204 
    +2.1202576 +0.0131541 +1.4142474 
   3 3
    -1.2518381 +0.4733091 +0.5919071 
    -0.3267657 +0.8959814 +0.5484774 
    +0.4463282 -0.8056235 -0.5983363 
   3 3
    -0.8341689 -0.8067829 -0.9507953 
    +0.4196718 -0.7315187 -0.5810770 
    +0.2646314 -0.5850346 -0.3893988 
   3 3
    +2.3682209 +1.6722741 +0.5607264 
    +0.2011085 +0.1314445 +0.9131940 
    +0.8886209 +0.1901574 -1.0132567 
  4
   3 3
    +0.6602794 -2.4742249 +1.6343569 
    +0.0933620 -2.4181156 -0.7019976 
    -0.7460381 -0.3996408 -1.5967155 
   3 3
    +0.3243195 -0.1343597 -0.0557968 
    +0.6289890 +1.1470532 +1.4401626 
    +1.5114433 -0.5473366 -0.2020986 
   3 3
    +0.4953170 -0.1419928 +1.7694308 
    +0.6359771 +0.8837775 +2.0781931 
    +1.2026835 -0.3131975 +0.1186430 
   3 3
    +0.7103269 +1.1209716 -0.0086735 
    -0.2498990 +0.1218633 -0.3085008 
    -0.6545199 +0.4104506 -0.2475819 
  4
   3 3
    -0.7984108 -0.5105173 -1.1457273 
    -0.3761101 +0.7072090 +0.2205398 
    +1.3147522 +0.7487140 +0.3135159 
   3 3
    +0.4022858 -0.3724236 -0.3438445 
    +0.3165381 +0.7188719 +1.0433240 
    +0.8855754 -0.7849767 -0.6015185 
   3 3
    -0.1514912 +0.9786801 +0.1600193 
    +1.2415766 -0.5563159 -0.1127561 
    +1.4729750 -0.2433764 -0.0822813 
   3 3
    -0.8835042 -0.5146537 +0.9441275 
    +1.3613128 +0.2778337 +1.3929219 
    +1.0246722 +0.4658440 +0.6372809 
  4
   3 3
    -0.0131199 +1.1315125 +1.7608647 
    -0.3135566 -0.4887114 +1.7550277 
    +0.9413247 -0.2333065 +1.3369651 
   3 3
    +0.8623578 -1.0015152 -0.0051925 
    -0.4839439 -1.1777737 +0.6203631 
    +0.5976136 +0.3083449 -0.6156292 
   3 3
    +0.3080022 +0.1101395 +1.0436801 
    -0.4280524 +0.1200522 +1.3940908 
    -0.2128773 +1.2440035 +0.7463178 
   3 3
    -0.4168924 +0.9569745 +1.4663632 
    -0.9173493 +1.8623873 +1.2918131 
    +1.2377612 +0.7336389 +1.6635371 
  4
   3 3
    -1.4922091 +0.3443261 +1.3178694 
    +0.1572033 -0.8222597 -0.5144918 
    -0.4087526 -1.3003774 -0.1265746 
   3 3
    -0.4986387 -0.1483455 +0.2780066 
    +0.8343974 +0.1676319 +1.1605283 
    +0.2379035 -0.0365928 +0.5044120 
   3 3
    -0.7609126 +1.0038441 +1.5731498 
    +1.4646090 +1.4858522 +0.9288387 
    +1.7037825 +0.6136750 +0.3254952 
   3 3
    +0.9108085 +1.3698229 +0.4063388 
    +0.3232980 -1.2453903 +0.6838219 
    -0.9072250 -0.2059263 +0.4579421 
  4
   3 3
    -0.2829235 +0.6871883 -0.2094117 
    -0.9656127 +1.1127762 +1.1949924 
    +1.5504761 +1.8747862 +1.2752383 
   3 3
    +0.0300394 +0.3117024 +0.2892084 
    +0.4741455 -0.4086499 -0.5204647 
    -0.6690715 +0.1633725 -0.4960701 
   3 3
    +0.8551625 +0.7971277 +0.4798219 
    +0.6347578 +0.3040345 -0.6992631 
    -0.0360006 +1.7390697 +0.3183270 
   3 3
    -0.0071340 +0.7590000 +1.2478388 
    +0.3994992 -0.2034789 +0.3757286 
    +0.8715229 +1.5521356 -0.4375547 
 16
  8
   3 3
    -0.4738618 +0.0720099 +0.7126148 
    +1.2065915 +1.3747123 +0.1091676 
    -0.2241134 +0.7514003 +0.9834937 
   3 3
    +0.2923883 -1.7157989 -0.6408842 
    +0.7117236 -0.2895975 +0.4506480 
    +1.6913247 +1.1601117 -0.4856909 
   3 3
    +0.2697109 -0.7460276 -1.0171039 
    +0.0726110 +0.7858465 +0.0080646 
    +0.3203284 +1.5245690 -0.5074201 
   3 3
    +0.1645905 -0.8438519 -0.8400574 
    -0.5687726 -0.6278727 -0.1400215 
    -0.9310226 -1.1716876 -0.8002629 
   3 3
    +0.5247873 -0.4746476 -0.8209744 
    -0.0964812 -1.2845756 -1.4257530 
    +0.1893166 +0.5380170 -0.1132846 
   3 3
    -0.5406575 +0.2403165 -0.2110621 
    -0.3609632 -0.2622526 -0.1561102 
    +0.2705087 +0.3719496 -0.5504507 
   3 3
    +0.8750095 -0.6738030 -0.9597644 
    -1.2773536 +0.1643612 -1.2779585 
    -0.6614996 +0.6362942 -0.9545869 
   3 3
    +0.4397945 -1.0034359 -0.6833097 
    -0.7688247 -0.0047950 -0.2903621 
    -0.1726683 +0.8975937 -0.4486904 
  8
   3 3
    +0.1538587 -0.0504530 +0.1396051 
    +0.4599542 +0.4261629 +0.9097586 
    +1.1286222 -0.1436250 -0.3937125 
   3 3
    -0.6107645 +0.5934063 -0.8051051 
    -0.5784234 -0.2715253 -0.8189565 
    -0.3568927 +0.0340861 +0.3612046 
   3 3
    +0.6858363 -0.3723924 -0.2792018 
    -0.9693585 +0.1243632 +0.8190049 
    -0.2840129 -0.2287651 +0.0764800 
   3 3
    -0.3666126 -0.4131895 -0.3442035 
    -0.3344139 -0.9014690 +0.4737928 
    -1.0247104 -1.0319551 -0.9451982 
   3 3
    +0.4852240 +0.6000224 -0.0864748 
    +0.7913871 -1.3222283 +0.7336694 
    -0.5077742 -0.9366503 -1.1015751 
   3 3
    -0.8000984 +0.8308330 -0.5419729 
    +0.2347354 +0.8247647 +0.7395552 
    -0.8326429 +1.4480951 -0.5417337 
   3 3
    +0.5928874 -1.0409585 +0.0096657 
    -0.9627069 -0.4944170 -0.8684432 
    -0.4392014 +0.4419599 -0.7696303 
   3 3
    +0.6221258 +0.0360078 -0.6852865 
    -1.0176957 -0.6375144 -0.3584549 
    -0.0475373 -0.6644056 -0.7363435 
  8
   3 3
    +0.1142871 +0.5946091 +1.2265211 
    +0.6090502 -0.3026595 +0.7956112 
    -0.5762141 -0.4012448 -0.5285987 
   3 3
    -0.7519057 +0.3364194 -0.5238023 
    -0.2898679 +0.5113724 +0.7934760 
    +0.0271664 -0.0186227 -0.9649983 
   3 3
    -0.3939837 -0.9014419 -0.7655898 
    -0.1149737 +0.2690055 -0.1311560 
    -0.0563330 -0.9617646 -0.9137127 
   3 3
    -1.0516202 +0.8623985 +0.3287658 
    -1.1275899 -0.4932598 -0.3098907 
    +0.4922659 +0.6092782 -0.1163156 
   3 3
    +0.5594659 +1.3056120 +0.6420487 
    -0.9220297 +0.9244296 -0.6386070 
    -0.8016129 -1.1358377 +0.2037177 
   3 3
    +1.0890658 -0.1221370 -0.1246299 
    +1.0942753 +0.7941224 +0.0155416 
    +1.1106824 -1.1357668 +0.5825802 
   3 3
    -0.8053461 +0.2210353 +1.4945015 
    -0.5356972 +0.7884350 +0.9237855 
    +0.6775400 +0.6927864 -0.9772048 
   3 3
    +0.8468689 +0.8118183 +0.8768362 
    -0.5643728 +0.2939242 +0.2009622 
    +0.2773199 +0.5086663 -0.5016294 
  8
   3 3
    -0.8532306 -0.9384806 +0.6652708 
    -1.0510660 -0.6783425 +0.8427846 
    +1.1700007 -0.2311169 +0.0004704 
   3 3
    -1.1953834 -1.2228815 +0.2002688 
    -1.9276540 -1.6897964 +1.7737249 
    -0.2509540 -1.6387503 +0.6351548 
   3 3
    -1.4536519 -0.3343530 +1.5006379 
    -1.6538211 -1.2954172 -1.3603987 
    -0.1829098 -1.5145900 +0.0060668 
   3 3
    +1.5132550 -0.4381290 -0.4712244 
    +1.7592724 -0.7429791 -0.3216492 
    +1.6116406 -1.1741405 +0.3180631 
   3 3
    +1.4208622 -0.4047050 +0.1927462 
    -0.3983688 -0.4190919 +0.3622176 
    +0.2028392 +0.1403834 +0.2656440 
   3 3
    -1.1721757 -0.2615689 +1.3132259 
    -0.6337471 +0.2966869 +0.4203780 
    -0.4603645 -0.7390089 +1.5179480 
   3 3
    +0.1288154 -0.6172191 -0.5672010 
    +0.5489841 -0.0488190 -0.3809611 
    +0.5568574 +0.2218417 +0.4441322 
   3 3
    +0.5782900 +0.3169123 +1.7710139 
    -0.7674990 -0.3358119 +1.4783753 
    -0.4059619 -0.1864870 +0.0478660 
  8
   3 3
    +0.3458347 -0.7120568 -1.0052302 
    +0.0146341 -0.6250479 -0.8392242 
    +0.0011620 +0.4485623 +0.4620152 
   3 3
    +1.4598914 +0.3719017 -0.8519479 
    -1.0775014 +0.6392491 -2.1909954 
    -1.1961823 -0.1969533 -0.1286995 
   3 3
    +1.7062095 +0.2093159 -0.4245489 
    +1.6230426 +0.5222193 -1.2275606 
    +0.6971575 -0.0329594 +1.6753770 
   3 3
    -0.6209434 +1.7479345 +0.9900017 
    -0.7795852 -0.3207868 -1.0201632 
    -0.1897148 +0.7714817 -0.2892877 
   3 3
    +0.0485295 +1.1640154 -0.9006912 
    +0.5747423 -0.1346716 -0.7437411 
    -0.8448113 +0.4527972 -0.4473298 
   3 3
    +1.4705681 -0.1489232 -1.1233118 
    +0.4684210 -1.0663039 -1.0200849 
    +0.6508403 -0.5611350 +0.8646630 
   3 3
    +0.7926654 +1.2414433 -0.2158639 
    +0.0822000 +0.6118175 +0.7153906 
    -0.0718323 +0.7962735 -0.6961309 
   3 3
    +1.2021403 -0.9518718 +0.0673082 
    +1.2915534 -0.7028028 +0.0738240 
    +0.8855764 +0.7563016 +1.1311363 
  8
   3 3
    -0.3164518 +1.1669281 -0.0846593 
    -0.7509109 +1.1711095 -0.9339950 
    +0.5195515 +0.4063310 +0.5911581 
   3 3
    -1.5722256 -0.0532172 +1.2510598 
    -0.3201034 +0.0420245 +1.5791649 
    +2.3072792 +0.5754294 +1.6923587 
   3 3
    +0.1321363 -1.4885113 +1.3143077 
    -0.0060784 +1.7945364 +1.3673652 
    +1.5859312 +2.6542959 +0.8511170 
   3 3
    +0.8303031 -1.0286816 -0.1903973 
    +0.9693250 -0.9700162 -0.1178956 
    -0.6205041 -0.6587811 -0.6593309 
   3 3
    -0.6035812 -0.6661419 -0.5011722 
    +0.8393130 -0.4630764 -0.8578831 
    +0.1354767 +0.6710770 +0.1810349 
   3 3
    +0.7086940 -0.4197923 -0.0407452 
    +0.4214625 -0.0006049 -0.4064369 
    +0.0278394 +0.6683859 -0.4955193 
   3 3
    +0.4844919 -0.3257741 +0.7137504 
    +0.7456925 -1.0684240 +0.5014906 
    -0.0426269 -0.9187182 +0.9418163 
   3 3
    +0.4536279 -0.9881576 -1.1444547 
    +1.0776339 -0.7938833 -0.5047238 
    -0.2297635 -0.9374291 +0.0812188 
  8
   3 3
    -0.8607349 +0.5819827 -0.0591762 
    -0.5638362 +0.1389458 +1.1078934 
    -0.9132014 +0.2793794 +1.1048703 
   3 3
    -1.1765575 +0.0603820 +0.5078225 
    +0.7649275 -0.9593530 +0.7521586 
    +0.4760080 -0.8240985 +0.8982666 
   3 3
    +1.1885301 -0.7738837 +0.4416417 
    -0.1150067 -0.4021122 -0.9332625 
    -0.4117034 +1.1600459 -0.4256446 
   3 3
    +0.4840848 +1.0005775 +0.7414445 
    -0.0028947 -0.6998925 +0.3418514 
    +0.5742568 -0.6630710 -0.9643989 
   3 3
    +0.2081995 -0.2549073 -0.1708680 
    +0.1270785 -0.6463040 +0.7945864 
    -0.4245277 +0.8598243 +1.0330265 
   3 3
    -1.2676328 +0.2282312 +0.6271685 
    +0.3493025 -0.3597591 +0.9866452 
    +0.0228149 +0.8413633 -0.5986155 
   3 3
    -0.1889888 +1.0656054 +0.6175405 
    +0.0564786 -0.0111474 +0.2402396 
    -0.3699099 +0.6708482 -0.3661154 
   3 3
    +0.6441138 +0.2024823 -0.4055675 
    +0.3962506 -0.7562096 +0.1091695 
    -0.8884405 +0.9601440 +0.3951584 
  8
   3 3
    -0.5886130 -1.4742050 -1.2150931 
    -0.6060900 -0.0010058 +1.2879359 
    -1.0080584 -0.8541508 -0.5443493 
   3 3
    -0.2685119 -1.5795270 -1.9750142 
    +0.0120801 +0.9271593 +0.4346742 
    +0.1858763 +0.3484651 +1.0452877 
   3 3
    -0.3432238 -0.3710744 -0.5625220 
    -1.5101491 -0.4488731 -0.2981679 
    -0.4784042 -1.3607462 +0.9778846 
   3 3
    -0.1546842 +0.0764316 -0.7855359 
    +1.9970423 +1.1104567 -0.6315835 
    +3.0633511 -0.1194702 +0.2114345 
   3 3
    +0.5276640 -1.4173805 -0.9212671 
    +1.8745988 +0.0105724 +0.1472464 
    -0.3172090 +0.9765687 -0.1453091 
   3 3
    +0.3944481 +0.0892400 -2.3601042 
    +0.3395586 -0.4555749 +0.0269468 
    +0.2653990 -0.7487102 -1.1019738 
   3 3
    +0.4429176 +0.0884185 -1.5577444 
    +1.2321822 -0.3537232 -0.1072036 
    +2.6668479 +1.3763161 -0.3304160 
   3 3
    -0.7238856 -0.6637013 -1.2717002 
    +1.4332756 -0.6596206 -0.4142087 
    +0.3169363 -1.2464445 +0.0860367 
  8
   3 3
    -0.7323960 +0.0179565 +1.2765893 
    -0.3187399 -0.4410961 +0.8778449 
    -0.1989929 +0.4653544 +0.1298503 
   3 3
    -0.5941971 -0.1963942 -0.6888911 
    -0.2135003 -0.5472826 +0.1585273 
    -0.8616323 -0.6712770 +0.5176161 
   3 3
    -0.2876507 -0.6899572 -0.0232949 
    -1.0290812 -0.9328130 +0.0415199 
    +0.2817491 +0.6202596 +1.4578348 
   3 3
    -0.1267711 +1.5514856 +0.5451197 
    -1.1200882 -0.2976633 -0.9741105 
    +0.4461471 +0.5072317 -0.7526550 
   3 3
    -0.3284171 -0.3527766 +0.7257441 
    -0.2692651 -0.5118033 +0.9766274 
    -0.0700811 +0.7094640 -0.4182670 
   3 3
    -1.2857279 +0.1983327 +1.4378659 
    -0.4442911 +0.6796215 +1.6263080 
    +0.7367900 +1.5044599 +1.4789976 
   3 3
    -0.3879285 +0.4802783 +0.0159342 
    +0.6459990 +0.5540323 -0.5392505 
    +0.0702703 +0.5632146 -0.3052341 
   3 3
    -0.3863474 -0.0749360 +1.1940763 
    -0.5126419 +0.1857439 +1.3956942 
    +0.4234927 -0.5779334 -0.3568951 
  8
   3 3
    -0.5406413 +0.5463639 +0.7922754 
    -0.8563049 +1.0803995 +0.6303538 
    +0.6240062 +1.6006087 -0.6717696 
   3 3
    -0.2130409 -2.2090364 -0.8497241 
    +1.2178839 -0.2513930 +1.1115075 
    +0.4305029 +1.1025854 +0.8700024 
   3 3
    +0.7730663 -0.9457856 -1.5881992 
    +0.2498621 -0.6500502 +0.3819284 
    -1.0195480 +1.2037478 +2.0732838 
   3 3
    -0.4935306 -0.5422255 +0.4187917 
    -0.6189893 -0.5020094 -1.1868218 
    -0.4686399 +0.1975694 -1.1979839 
   3 3
    +0.0042778 -0.4947877 +0.3968710 
    -0.6307589 -0.0215205 -0.0007610 
    -1.0136654 +0.2076466 -0.9730761 
   3 3
    +0.7512939 -0.5737847 +0.0938588 
    -0.9752267 +0.6807521 -1.3419880 
    -0.2155944 +1.8346144 -0.5094115 
   3 3
    +0.6496979 -0.8361313 +0.6440940 
    -0.1001397 -0.5161641 -1.5969106 
    -0.4135919 +0.4283706 -0.6730272 
   3 3
    +0.2436979 +0.9827533 +0.7350115 
    +0.2281998 -0.3350907 +0.3186307 
    -0.1872355 +1.1880479 +0.2115635 
  8
   3 3
    +0.4683973 +0.6332059 -0.3628684 
    +0.9947044 -0.2655609 -0.7933921 
    +0.8100454 +0.6220953 -0.5837228 
   3 3
    +0.6365363 -0.8140142 +0.7109009 
    -0.8216462 +0.5489220 +0.1641944 
    +0.8371086 -0.4746291 +0.7791452 
   3 3
    +0.5350259 -0.2146574 +0.2778001 
    -1.0353256 -0.4805049 -0.6574059 
    +0.7567693 -0.6685823 +0.3956095 
   3 3
    +0.0562419 +0.3215227 -0.7801655 
    +0.8247522 -0.3257924 +0.4002464 
    +0.7442197 -0.8362278 +0.7917877 
   3 3
    +0.4807049 +1.1176894 +0.5617661 
    -0.9632881 +0.5521279 +0.6860197 
    +0.7786505 +0.8022368 -0.2934636 
   3 3
    -0.1599457 +0.1855368 +0.2344374 
    -0.5456029 -0.7074318 +0.8879044 
    +0.1420369 -0.9295685 -0.7795837 
   3 3
    +0.5351125 +0.7796579 -0.8115546 
    -0.3729928 -0.2496201 +0.0300817 
    -0.2552039 +0.9188783 +0.1944267 
   3 3
    +0.8088015 +0.6349102 +0.4963939 
    +0.5592021 -0.0674447 +0.0304532 
    -0.0143925 -0.0355597 -0.5688907 
  8
   3 3
    -0.1461779 -1.3032419 +0.4914693 
    -0.7047973 -0.4845616 -0.1553849 
    -0.8991247 -0.2675174 +0.0211458 
   3 3
    -0.3469657 +0.6052472 -0.2298873 
    -1.4162319 +0.1511857 -0.5958638 
    -0.3583668 -0.2370614 +0.1266104 
   3 3
    -1.1360038 -0.4276531 +0.7065116 
    -0.8064905 -0.2881457 -0.5163325 
    -2.4675581 +0.0129593 -0.4183413 
   3 3
    -0.5668738 +0.1401774 +1.3086737 
    -0.6288302 -1.1297349 +0.8667169 
    +0.4712156 -0.4066376 -0.2740595 
   3 3
    +0.8748971 +0.4900181 +1.3643939 
    -1.0094024 -0.1738382 +0.6407429 
    +0.0055356 +0.4025381 +0.0058216 
   3 3
    +0.0584719 -0.0891311 +0.8141076 
    +0.5199465 -0.0606188 -0.4889367 
    +0.5905980 +0.8667393 +1.0316054 
   3 3
    +0.6134362 +0.6364151 +0.8835136 
    -0.8077985 +0.3470354 -0.4836944 
    -0.8600552 -0.7265317 -0.6077082 
   3 3
    +0.6999905 +0.7109887 +0.4879838 
    -1.0162592 -0.0633309 -0.5640051 
    +0.7261437 +0.5355821 +0.1224901 
  8
   3 3
    +0.6444549 -0.6594027 -0.0345618 
    -0.1215372 +0.2680201 -1.0615299 
    -0.5897943 +0.7107405 +0.8784330 
   3 3
    -0.9277727 +0.7432503 +0.9894435 
    -0.9920884 +0.0412511 +0.1497000 
    +0.1132438 +0.1420861 -0.5414898 
   3 3
    -0.2777866 -0.1188879 +0.8237628 
    +0.1847299 +0.9328280 -1.0597476 
    -0.1285234 +0.9483599 +0.1668220 
   3 3
    +0.0266984 -0.1796042 +1.0237853 
    -1.0318642 +1.3201891 +0.7367898 
    +0.0888552 -0.0759708 +0.2146136 
   3 3
    +0.3764221 -0.3147986 -0.7546996 
    -0.4981440 -0.7662860 +0.7197182 
    -0.6580787 +1.3364419 -0.0603652 
   3 3
    +0.4113816 -0.6307630 +0.6777222 
    +0.6299876 -0.3170330 -0.6533768 
    +0.4027933 -0.8413049 -0.5078630 
   3 3
    +0.2666526 -0.4671322 +1.4510055 
    -0.9603661 +0.4982888 -0.6608332 
    +0.1489070 +0.3185987 +0.8098746 
   3 3
    +0.3455058 +1.1799115 +0.7530785 
    +0.9788456 -0.3897732 +0.6806918 
    +1.3112583 +0.3298073 -0.7493566 
  8
   3 3
    +0.8611177 -0.1379559 -0.0522723 
    -0.7837765 +0.8359363 +0.3955995 
    +0.7952196 +0.7396929 -0.3809787 
   3 3
    +0.5282517 -0.0055587 +0.5251842 
    +0.1681679 +0.6994309 +0.4450376 
    +0.1677593 +0.3545830 +0.8214432 
   3 3
    -0.0297288 -0.3788472 -0.5889651 
    -0.1800500 -0.9863856 +0.5896721 
    -0.8115286 +0.6534386 +0.5965486 
   3 3
    -0.5080722 -0.0282565 +0.1829907 
    +0.7211750 -0.2662473 +0.6129692 
    -0.6723793 -0.4512372 +0.3375093 
   3 3
    +0.9589549 -0.7056710 -0.0623316 
    +1.1373150 +0.4830653 +0.5730581 
    +0.5859833 -0.3376959 +0.2931260 
   3 3
    -0.4260255 +0.1297874 -0.8936732 
    -0.6307361 +0.9101171 -0.1050411 
    -0.4668127 -0.2756798 -0.5182899 
   3 3
    +0.7840801 -0.1550711 -0.9207514 
    +0.2151891 -0.1309926 +0.0576769 
    -0.6888572 +1.1040704 +0.4047013 
   3 3
    +0.7272730 -0.6988817 +0.8830498 
    -0.0556787 +0.6232450 +0.7295493 
    +0.2987834 +0.5685813 +0.0983399 
  8
   3 3
    -0.9244799 -0.0910408 -0.6883795 
    -0.4469590 -0.2920504 -0.3696388 
    -0.7761596 +0.6716729 +0.4261827 
   3 3
    +0.2514050 +1.2950531 +0.3522003 
    -0.7236765 +0.3437845 +0.6629841 
    -0.9087152 +0.6129525 -0.4715272 
   3 3
    +0.4658477 -0.2889099 +1.3898981 
    -0.7490176 -0.1871474 +1.2961281 
    +0.2423022 +1.1014315 -0.4475657 
   3 3
    +0.1906577 +0.5478853 -0.2091406 
    +1.7840286 +1.0696474 +1.4013706 
    +0.4804694 -0.0624025 -0.2577050 
   3 3
    +0.6060368 -0.8045692 -0.7976634 
    -0.2959719 +0.3593660 +0.5337709 
    -1.1403194 +0.8234337 -0.2626355 
   3 3
    -0.1223227 +1.4126436 +0.9232347 
    +0.0439667 +0.3536893 +1.1033979 
    -0.0944291 -1.1680194 -0.4266452 
   3 3
    -0.7416882 +0.7763883 -0.6589606 
    +0.5586895 -0.0371615 +0.9927926 
    +1.2217374 +1.5155252 +0.2342261 
   3 3
    -0.1796754 +0.1477857 -0.1903093 
    +0.1730630 -0.2443235 -0.2260200 
    +0.4443645 +0.6601729 -0.7576535 
  8
   3 3
    -0.5932133 -0.6694024 -0.2285081 
    -0.6343052 +0.1822125 +0.8643080 
    +0.0655211 +0.5296102 +0.6835072 
   3 3
    +0.8334636 +0.0798385 +0.0119740 
    -0.3952072 -0.9457312 +0.8160916 
    -0.0871821 +0.5834941 -0.1925918 
   3 3
    +0.7611978 -0.2564318 -1.0737575 
    +0.6372204 +0.7899154 +0.5339515 
    +0.3698771 -0.4333405 +0.6152794 
   3 3
    -0.3808120 +0.0220093 +0.2967803 
    +0.2298835 +0.2538961 +0.6639491 
    +0.6498981 +0.6384959 -0.5386346 
   3 3
    -0.2026162 +0.9069730 +0.8177807 
    -0.7412428 +0.3921532 +0.1157570 
    +0.9394830 +0.9218209 -0.3117381 
   3 3
    +0.4151995 -0.9328755 -0.9960994 
    +0.7329773 +0.4683961 -0.2100353 
    +0.6451247 -0.3322493 -0.9511901 
   3 3
    -0.0548790 +0.5974941 -0.9642339 
    -0.9783428 -0.8919769 -0.0820162 
    +0.3994220 +0.0983645 +0.9606457 
   3 3
    +0.1706171 -0.5156479 -0.2386191 
    +0.1135339 +0.1159947 -0.2241002 
    +0.3533051 +0.5619545 +0.5969516 
 8
  16
   3 3
    -0.5114089 -0.8305301 +0.9307363 
    +1.0235117 +0.8136532 -0.1808042 
    +0.2746089 +0.3398410 +0.3412078 
   3 3
    +0.5794976 -0.6320343 -0.0646622 
    -0.4643874 -0.1760760 +1.0430424 
    +0.1699817 +0.2056219 -0.4753021 
   3 3
    -0.4063467 +0.2828614 +0.7745187 
    -0.6846509 -1.0105792 -0.5095539 
    -0.6282437 +0.2033052 +0.2152797 
   3 3
    +0.3237937 +0.7591409 +0.7952209 
    -0.8326951 +0.5365017 +0.5604822 
    -1.1056845 +0.4837507 +0.1047729 
   3 3
    +0.1780316 +0.5274903 +0.0483639 
    +0.4094510 -0.8335764 -0.2697951 
    -0.6467177 -0.5256287 +0.5259177 
   3 3
    -0.5892530 -0.5905940 +0.1578358 
    -0.5553118 +0.7454508 +0.9208122 
    -1.2989853 -0.5479148 +0.9365835 
   3 3
    -0.2379261 +0.3013636 +0.4691697 
    -0.0146944 +0.3003564 -0.3660216 
    -0.7656403 +0.5800277 -0.4969367 
   3 3
    -0.6068668 +1.1738564 -0.2912639 
    -0.0005081 -0.6100441 +0.7629075 
    +0.8322483 -1.0093496 -0.7714752 
   3 3
    +0.2319745 -0.3939805 +0.2889987 
    -0.7947166 -0.8756076 -0.4619391 
    -0.1282711 -0.1798172 -0.6320563 
   3 3
    -0.3190926 -0.0841740 +0.4609136 
    -0.3857315 -0.3926906 +0.8604263 
    +0.5743640 +0.7199757 +0.3278664 
   3 3
    +0.0083813 -0.2640904 +0.4214361 
    -0.4030400 -1.2337651 -0.2018395 
    +0.2652373 +0.0692745 -0.1004540 
   3 3
    +0.3372241 +0.4210398 +0.1635082 
    -0.0617615 +0.6639463 +0.3118623 
    +0.5922338 -0.8203915 +0.8660845 
   3 3
    -0.3596664 +0.6711006 +0.0255069 
    -0.9141142 +0.4973168 -0.0085636 
    +0.1609791 -1.2445546 +0.6797720 
   3 3
    +0.6413205 +0.8898161 +1.1430419 
    -1.0720165 +0.2480113 -1.0334724 
    +0.1145711 -0.7181180 -0.9356457 
   3 3
    -0.2855707 -0.6467244 +1.1667150 
    +0.1841608 -0.6409386 -0.3209787 
    -0.8331780 +0.1962261 -0.5594899 
   3 3
    +0.8740464 +0.5506182 -0.0235781 
    -0.0441097 -0.5154342 +0.4478799 
    +0.4356072 -0.0049750 +0.3445222 
  16
   3 3
    +1.1349689 +0.4051016 +0.0513641 
    +0.9510079 +0.1591369 -0.3425763 
    +0.3908978 -0.6730422 +0.3726420 
   3 3
    +0.8453787 -0.7291858 +0.0067020 
    -0.2697256 +0.8712791 +0.8158854 
    -0.1869006 -0.0973718 -0.7230521 
   3 3
    -0.6450248 -1.0122099 -0.2369545 
    +1.3551428 +0.7908519 +1.3937674 
    -0.4452800 +0.3791375 +0.7700840 
   3 3
    +1.0203494 +0.0490431 -0.3515996 
    -0.7060633 +0.2480256 +0.9354785 
    +0.1843635 -0.7091133 +0.1685575 
   3 3
    +0.3988772 -0.0759726 -0.7016205 
    +0.0855130 +0.5106445 +1.0875808 
    -0.6448771 +0.3555949 +0.4938021 
   3 3
    -0.3587726 +0.9502323 -2.0344696 
    +0.0948926 -1.1235973 -0.7753335 
    -1.8690932 +1.3230140 +0.4052314 
   3 3
    +0.7602527 -0.2823778 -1.1006586 
    +0.3555969 +0.3142677 +1.1430333 
    -0.0610854 -0.5662813 -0.5462286 
   3 3
    +0.0436759 -0.1976371 -1.0219825 
    -0.8775660 -0.3432470 +1.1939115 
    -0.5447826 +0.1569506 -0.6476877 
   3 3
    -0.6601676 +0.4639470 +0.5087637 
    +1.1116323 +0.1406609 +1.3420451 
    -0.2766817 +0.0226634 +1.3059248 
   3 3
    +0.6842499 -0.5737842 +0.6686315 
    -0.8188773 -0.2350704 +0.1121446 
    -0.1841092 +0.8141212 +0.1490318 
   3 3
    -0.8624886 -0.5688430 -0.6236757 
    -0.3807265 +1.4401838 +1.4863591 
    -1.5602213 +0.2859989 -0.5502002 
   3 3
    +0.8629879 -1.0271307 -0.6343531 
    -0.4551550 -0.0268798 -0.1245277 
    +0.3540693 +0.8716112 -0.5473665 
   3 3
    -0.0829162 -1.0069485 -0.1449802 
    +0.2637077 +1.7859845 +0.2504894 
    -1.3907781 -0.8883021 +0.5167903 
   3 3
    -0.5547744 -1.0370752 -1.2278748 
    +0.5042459 -0.0651803 +0.5814353 
    -1.5991379 +0.9696963 +0.0815436 
   3 3
    +0.5956841 -1.2523506 -1.6297207 
    +1.1824025 +1.3549246 -0.3437404 
    +0.0818501 +0.2738714 -0.5437614 
   3 3
    +0.8294390 -0.3045987 +0.0074166 
    -0.5026118 +1.6534395 -0.5138105 
    -0.1945674 -0.5419032 +1.1825955 
  16
   3 3
    +1.1020081 +0.3989009 +0.8054110 
    -0.7511939 -0.2897219 +0.3409695 
    +0.8177198 +1.0679419 -0.5010916 
   3 3
    +0.7343636 +0.8612617 +1.0501300 
    +0.5122759 +0.0330144 -0.5075558 
    +0.0647108 +0.4061681 -0.8676537 
   3 3
    +0.1102419 -0.1442039 -0.6448859 
    -0.4561935 -0.6915083 -0.7199936 
    +0.6302884 +0.0891404 +0.0738211 
   3 3
    -0.0240144 +0.9928486 -0.9066170 
    -0.5421835 +0.2106903 +0.0759530 
    -0.4962052 +0.3744604 -0.9815870 
   3 3
    +0.5622932 +0.0600865 -1.1276121 
    +1.2345163 -0.6215138 +0.5090764 
    +0.6755160 +1.1362669 -0.4579461 
   3 3
    -1.0211704 -0.6343921 +0.8099288 
    -0.6366919 -0.0524770 +1.3143403 
    -0.7417806 -0.1949861 -0.3847718 
   3 3
    +0.0417683 -0.8362072 -0.1805395 
    -0.8462077 -0.2531050 -0.5239441 
    +1.0617151 +0.3433752 +0.8804428 
   3 3
    +0.5822758 +0.3566499 -0.2824078 
    +0.6954225 -0.9857797 +0.5684303 
    +0.0735339 +1.2186269 +0.6319642 
   3 3
    -1.3642225 +0.7684151 -0.5236646 
    -0.8383256 +0.9415750 -0.1912928 
    +0.6543157 +0.9216172 +0.8668287 
   3 3
    +0.6167208 +0.8891379 -1.0806985 
    +0.8142754 -0.3253289 -1.5175597 
    -0.3428167 -0.4387027 -0.2865613 
   3 3
    -0.1169297 +1.1861120 +0.7159883 
    -0.4478823 +0.3328062 -0.5210409 
    -0.4163715 -0.5131492 -0.6069842 
   3 3
    +0.5425277 +0.3453398 -0.9252022 
    -0.0738695 -0.1098611 +0.2032069 
    +0.7640239 +0.1020988 -0.7489374 
   3 3
    -0.4156948 -0.5267324 +0.1318092 
    +1.1720873 +1.0417423 -0.4992102 
    +1.0749450 +0.8643757 +0.2018192 
   3 3
    +1.1488134 +1.0313505 -0.1538137 
    -0.3108072 +1.0669458 -0.4622767 
    +1.2275776 +1.1564066 +0.6690752 
   3 3
    -0.8443472 -0.6249750 +1.1025216 
    -0.7134472 +0.7142529 -0.1462191 
    -0.6070896 -0.3576717 +0.4012851 
   3 3
    +0.4325261 +0.6458484 -0.8997225 
    +0.2151251 +0.3575277 -0.5662080 
    +1.3681009 -0.0474397 -0.6463804 
  16
   3 3
    -1.7229580 -0.0100102 -0.6021752 
    +1.2825196 +1.4381090 -0.8910652 
    +0.4296660 -0.9402570 +0.7723067 
   3 3
    -1.1210803 -1.1112897 +0.9232787 
    +0.3687481 +0.1365500 -0.5521924 
    +0.5177956 -0.8951774 -1.0568693 
   3 3
    +0.8107091 +0.9599702 +0.0675540 
    +0.9448838 +1.2204741 +0.3446089 
    -0.2522408 -0.5326282 +0.1543424 
   3 3
    +0.8173272 -0.3702383 +0.2513637 
    -0.5400802 +1.6138252 -0.2152541 
    -0.5028484 +0.1771988 -0.7140670 
   3 3
    +0.1906738 -0.8256235 -1.0144442 
    -0.4176723 -0.6206051 -0.3537321 
    -0.5323981 +0.4926989 +0.3157919 
   3 3
    +0.1475403 -0.7080873 -0.6470815 
    -0.1829637 -0.6904542 -0.8445885 
    +0.5606414 -1.1942053 +0.8987569 
   3 3
    -0.1800562 +0.2722809 -1.0685293 
    +0.9435494 -0.3719729 +0.9538374 
    -0.5911289 -0.5015213 +0.4329210 
   3 3
    +0.1748472 -0.1268077 -0.5435986 
    +0.3654374 +1.0474216 -0.0324201 
    +0.3099935 +0.7381330 +0.4205014 
   3 3
    +0.3406120 -0.8242939 -0.1797581 
    +0.9052133 +0.3455075 +0.3365133 
    -1.0812220 +0.8872865 +0.4263897 
   3 3
    -0.7542032 -0.1391433 +0.7363153 
    +1.0687172 +1.0718519 -1.0064754 
    +0.6232236 -0.0982709 -0.8935890 
   3 3
    +0.6996252 +0.4362005 -0.4937326 
    +0.0325769 +1.2926758 +0.5602324 
    +0.3495297 +0.1148110 -0.0907181 
   3 3
    -0.9604253 -0.4459039 -0.2673650 
    -0.0227286 +0.0884063 -0.5720127 
    +0.3898912 -0.1556273 +0.2894370 
   3 3
    -0.2651194 +0.0732747 -0.5729032 
    +1.4346942 +0.3423116 +0.7182982 
    +0.5541232 -0.4004521 -0.1907744 
   3 3
    +0.7884644 -0.5356882 +0.3188290 
    +0.8410909 +0.6679544 -0.6481739 
    -0.8445178 -0.8679363 -0.6955007 
   3 3
    +0.1847734 +0.2651280 +0.3643215 
    +1.2711122 +0.1242098 +0.4429547 
    -0.8819848 +0.3746679 -1.0222848 
   3 3
    -0.6535940 -0.0764172 -0.3819441 
    +0.7446763 +0.4358677 +0.2884174 
    +0.6125508 -0.1183399 +1.1889543 
  16
   3 3
    -0.6101950 +0.2082823 +0.9140675 
    -0.2455116 -0.8792527 -0.5398047 
    +0.7855645 +0.6682002 +0.1194917 
   3 3
    -0.2768209 +0.9292171 -0.2509849 
    -0.0550041 -0.7829250 +0.5514590 
    +0.3024830 +0.0556001 -0.8437700 
   3 3
    -0.5714019 -0.8761542 +0.2503234 
    -1.2603873 +0.1331040 +0.3570852 
    -0.8381533 -0.9532722 -0.7842031 
   3 3
    -0.3929564 -0.4141512 +0.6394333 
    +1.0169083 +0.1899925 -0.6758009 
    +0.2088613 +0.3729460 -0.5068308 
   3 3
    +1.1579764 -0.0185784 -0.6780634 
    +0.3328371 +0.2233101 +1.0339437 
    +0.1493313 -1.0584848 +0.7130594 
   3 3
    +1.0271658 +0.2034711 -0.6263997 
    -0.6560519 +0.1112970 -0.0677318 
    +0.0044038 +0.3034343 +1.0397229 
   3 3
    +0.6030359 +0.7605972 -0.5185138 
    +0.7093672 -0.7479471 -0.1172686 
    -0.0110297 +0.7349145 +0.6361760 
   3 3
    +0.7071649 +0.4483867 +0.2076796 
    +1.0713710 -0.4097714 +1.0480727 
    +0.8810402 -0.1570357 +0.1544349 
   3 3
    +0.7206390 +0.8607889 +0.3196583 
    -0.4034037 +1.2995018 -0.8765498 
    +0.1525926 +0.8965332 +0.2234219 
   3 3
    -0.7782862 -0.8681237 -0.0265348 
    -0.8419200 +0.9927518 -0.6092155 
    -0.4224858 -0.0210574 -1.0740147 
   3 3
    +0.4489038 -0.7663621 +0.7206997 
    -0.1556992 +0.7391732 -0.2787357 
    +0.6494003 -0.0005085 -0.3988064 
   3 3
    +0.1652036 -0.1071191 +0.3469067 
    -0.8134661 -0.9173902 +0.0603008 
    -0.3583095 -0.0428359 -0.8579582 
   3 3
    +0.0976172 -0.2242679 +0.9368702 
    +1.2018637 -0.3493024 +1.0730065 
    +1.1986564 -0.1680676 +0.1242386 
   3 3
    -0.5722682 +0.2541400 -0.5668202 
    -0.9203271 +0.8802511 +1.2178073 
    +0.5955276 -0.7482789 +0.2888598 
   3 3
    +0.7363449 +0.7105350 -0.4612139 
    +0.9127319 -0.3934126 +0.3699331 
    -0.2098079 -0.8398573 +0.0548105 
   3 3
    +0.5709478 +0.2787613 -0.4791559 
    +0.8916621 +0.9194370 -0.4273100 
    +0.0582897 +0.2095090 +0.1444734 
  16
   3 3
    -0.2137180 -0.8014280 -0.3280470 
    -0.9337600 +0.2397850 -0.8416760 
    -0.4731960 +0.2633640 -0.1342210 
   3 3
    +0.5637020 +0.7115870 +0.4113360 
    -0.3588020 +0.2657350 -0.7164660 
    -0.5015130 -0.1255890 +0.7187180 
   3 3
    -0.6235582 -1.5068315 -0.0180864 
    +0.2126752 -0.8999891 +0.7692264 
    +0.0031712 -0.1255690 -0.4655220 
   3 3
    +0.4761501 -0.8217845 +0.6920417 
    +0.9104171 -0.1400458 +0.1774764 
    -0.8266117 -0.2639049 -0.2227955 
   3 3
    -0.0106368 +0.1873856 -1.2046690 
    +0.4639574 -1.0925441 +0.8762003 
    -0.2388582 -0.0843206 +0.2218512 
   3 3
    -0.1466207 +0.1550558 -1.1180979 
    -0.7848795 +0.8496298 +0.7546762 
    -0.1273406 +0.4088411 +1.0112176 
   3 3
    -0.7001552 -0.8391866 -0.0165170 
    -0.3561599 +0.5794099 -0.3571416 
    -1.2458892 -0.0556684 +0.3668889 
   3 3
    +0.6019370 +0.5476290 -0.8835266 
    -1.0093586 +0.7841082 +0.6040912 
    -0.8578510 -0.0539045 +0.9989742 
   3 3
    +0.5346468 +0.3306285 -0.0104332 
    -0.0473692 +0.6138929 +0.5170854 
    -0.7603852 +0.9707720 +0.1173279 
   3 3
    -0.6140682 -0.8030530 -0.1809687 
    +0.6906885 -0.5668393 -0.5802813 
    -0.6859132 +0.4301970 -0.7570326 
   3 3
    +0.3717428 +0.2632015 +0.4839460 
    -0.0913867 -0.2150871 +0.1352924 
    +0.0920446 -0.4218190 -0.2746891 
   3 3
    -0.9410289 -0.1932528 +0.7847220 
    +0.5920213 -0.6533871 -0.0629707 
    -1.1575006 +0.1294472 -0.9094381 
   3 3
    +0.5396988 -1.0607215 -1.0224490 
    +0.0743426 -0.9698441 -0.7752486 
    +0.4594628 -1.0605010 -0.0553752 
   3 3
    -0.9025372 -0.8624375 -0.5409381 
    -0.8796778 +0.4981009 -0.9187906 
    +0.7614478 -0.8845400 -0.4011910 
   3 3
    -0.2886582 -0.1350585 +0.8040710 
    +0.3809052 -0.4171441 -0.5659575 
    -0.2838313 -0.6378880 -0.0199110 
   3 3
    +0.4701778 -0.7513645 -0.9509072 
    +0.7080722 +0.4307858 -0.9970419 
    +0.3512649 -0.7189370 -0.9517471 
  16
   3 3
    -1.9979409 +0.4780560 -0.2638126 
    +0.7734656 +1.0308070 -0.7552225 
    +0.3290999 +0.4343891 +1.5675171 
   3 3
    -1.9569139 -0.3913798 +1.8781744 
    +0.8873124 +0.2769821 -1.2167615 
    +0.2739169 -1.1448081 +1.0690826 
   3 3
    +0.5396204 +0.3128259 +0.2145757 
    -0.9464193 -0.7989841 +1.0200268 
    +0.2955978 +1.2927958 +0.1375736 
   3 3
    +0.1452737 +2.1744281 +0.6434861 
    -1.4318682 +0.0849691 -0.5868003 
    +2.8523293 -2.6598124 -0.4376338 
   3 3
    +2.0442211 -1.8625517 +0.1450900 
    -0.6497491 -3.5039474 -1.5449906 
    -0.9968287 +1.9069915 +2.3204354 
   3 3
    +0.1404366 +0.1152084 +1.7494209 
    -2.6054263 +1.8361332 -0.5461946 
    -1.6026488 -0.5155713 +1.2216426 
   3 3
    -0.7207418 +0.5467385 +0.8668039 
    -0.6327101 -2.6543357 -1.8234187 
    +0.7756729 +0.5448206 +2.2727317 
   3 3
    -0.4255795 -1.4779657 +0.9901191 
    -3.1323407 -2.8200551 +0.7156964 
    +0.2303285 +2.9250615 -0.3374930 
   3 3
    +0.4494936 -1.0914548 +0.5571412 
    -0.7126461 -1.5504525 -2.3094442 
    +1.4845404 +1.1180305 -0.2396160 
   3 3
    +2.3637711 -1.5001470 +0.1091044 
    +1.7410650 +1.3414540 +0.1053166 
    -1.6390116 -0.1028220 +2.3247585 
   3 3
    -1.0899957 +0.8768017 +1.8310127 
    -1.1189741 -1.0684997 +0.5378278 
    +0.3657345 -0.8211055 +1.1319904 
   3 3
    -0.4724329 +0.6130343 +0.3115070 
    -2.6754670 -0.9367320 +0.5979932 
    -0.5973733 +0.8916588 +1.4143262 
   3 3
    +0.8296520 -0.4872107 +1.4168115 
    -0.8527335 -2.3047955 +0.2095856 
    -0.9804741 +1.2143462 +0.8180282 
   3 3
    +0.5973267 +0.9424351 +2.3341703 
    -1.0691656 -1.2083583 +0.3174823 
    -0.5306362 +0.0468025 +0.6384948 
   3 3
    -0.2642889 +0.1735114 +1.2171553 
    -3.7957273 -2.9966687 +1.3051356 
    +1.7862599 +2.0572969 +0.5377621 
   3 3
    +0.3565542 -0.4231485 +2.2039498 
    -1.6144653 -0.8591113 -0.9943165 
    +1.1943375 +0.6855880 +0.0854446 
  16
   3 3
    +1.3143600 +0.5017330 +0.8229750 
    -0.8207140 -0.4617210 +0.8289710 
    +0.4496700 +0.1612510 +0.8145830 
   3 3
    -0.3231230 +0.9046190 -0.1830270 
    +0.5360930 +0.1007980 +0.4688280 
    -0.6437480 +0.2908330 -0.1316590 
   3 3
    -0.5642567 +0.1901317 +0.4241551 
    -0.9897045 +0.3640808 +1.2969693 
    -1.6274005 -0.2875525 -0.8267530 
   3 3
    -0.9955331 +0.9965337 +1.8274048 
    +1.1169195 +1.3543012 -0.1617032 
    -0.6478694 +1.2138898 -0.3144046 
   3 3
    +1.1388064 -0.5308338 +0.2308329 
    +0.3302565 -1.4294905 -0.2903280 
    -0.3093084 -2.6311806 +0.0953315 
   3 3
    +1.4106893 -2.2593594 -0.9005890 
    -1.1365392 -1.9691868 +1.7759749 
    +1.7600449 +0.1615669 -0.0675257 
   3 3
    -0.4612116 -0.1904543 -0.2004979 
    -0.2169256 +0.6701385 +0.9682353 
    -0.7078004 -0.0607525 +0.1679119 
   3 3
    +0.5470843 -1.9164769 +0.1574786 
    -0.0964256 -1.0523747 +0.6822116 
    +0.2051918 -0.0828411 +1.1279593 
   3 3
    +0.5172724 +0.8903047 +0.7864721 
    -0.8452285 -0.0335748 +0.6410453 
    -0.3997405 -0.0547755 -1.0723120 
   3 3
    -1.4393797 -1.2696173 +0.3465139 
    +0.2151207 +0.0388328 +0.5073861 
    +0.3750347 +0.4421805 -0.2118898 
   3 3
    +0.1572523 -1.1953553 -0.6945330 
    -0.5825656 -0.2906733 -0.7379238 
    -0.4960605 -1.5846596 -1.3188220 
   3 3
    +0.7697034 +0.3744568 +1.0117690 
    +1.0872303 -1.0881883 -0.6849207 
    -0.8040249 -1.1443327 -0.0352780 
   3 3
    -0.5935397 -0.2387863 -0.5592729 
    -0.8405846 -0.2697913 -0.5264887 
    +0.0153740 -1.4951395 -0.1126060 
   3 3
    -0.3521828 +0.6997926 -0.0155974 
    +0.3284843 -0.4431435 -0.7134428 
    +0.3881516 -0.5119866 +0.1229280 
   3 3
    -1.0858237 +0.3032867 +0.4610981 
    +0.8608965 +0.8724738 -0.5200127 
    +0.0481494 -0.0921278 -0.6795170 
   3 3
    +0.7468394 +0.8384744 +0.1343591 
    -0.8672839 -0.9285493 +0.2803129 
    -0.4904866 -0.5297202 -1.0091823 
 4
  8
   3 3
    -0.7823367 -1.8258064 -1.4811407 
    -1.5223706 -0.3822256 +0.6672092 
    -0.0136393 +0.0875155 +0.5268457 
   3 3
    -1.2744197 -1.2672709 +0.3735786 
    -0.8643108 -1.4963267 -0.3791003 
    +0.3489674 +0.1857879 -0.0900165 
   3 3
    -1.1786526 +0.1212127 +0.3711355 
    -0.4028321 -0.4153442 -0.5018088 
    +1.0759504 -1.2874896 +0.3247975 
   3 3
    +0.1681563 -0.7800250 -0.0101837 
    -1.4350717 -1.0529986 +0.4608698 
    -1.5651795 +0.5033033 +0.7365369 
   3 3
    +0.5872093 -0.6551143 -0.9766256 
    -0.9192206 -1.2440774 -0.7661960 
    -0.1014103 +0.3993148 -0.3791915 
   3 3
    +0.0866426 -0.5795630 -1.0040500 
    +1.0537000 -1.0492500 +0.4581190 
    +1.2775000 -0.3769930 -0.0416103 
   3 3
    -0.6467751 -0.3965644 +0.0014716 
    +0.8990210 +6.9111341 -2.5541588 
    -1.0719442 -6.2510299 +1.7649682 
   3 3
    -0.4454270 -1.2851900 +1.3554400 
    -3.2869500 +2.6343500 -1.3451700 
    +1.4966400 +0.0384648 -1.2855000 
  8
   3 3
    -0.9247143 +0.1489907 +0.4972995 
    -0.0770236 -0.0204102 -1.4712245 
    -0.5504061 +0.2329832 -1.7423744 
   3 3
    -0.5771944 -1.1376165 -1.7157339 
    -0.6415435 -1.1227810 -1.0380222 
    +0.1531377 -0.4817163 -1.1287204 
   3 3
    -0.3623754 -1.6240717 -0.5850545 
    -0.0393160 -3.1997034 +0.8884972 
    -0.0497304 -0.7578985 +1.0213389 
   3 3
    +0.0480351 +0.0501313 +0.7380060 
    +0.6918432 -1.5857197 -0.5436503 
    +0.7320962 +1.1140989 -0.9252867 
   3 3
    +0.4648479 -0.5838232 +1.5600157 
    +0.1210622 -1.5986052 +1.5559563 
    -0.0581501 -0.7650600 -0.1995687 
   3 3
    +0.0999856 -0.1434880 +0.8260960 
    -0.3620860 -0.2867670 +1.3039800 
    +0.3290221 -0.5532120 +0.5419320 
   3 3
    -0.2092963 +0.0460410 -1.7538796 
    -0.8616429 -1.5324494 -0.2078685 
    -0.5738795 +0.6944014 +0.7564000 
   3 3
    +0.4439459 -0.9971480 -0.3812080 
    +0.9522990 -0.4713241 -0.3566250 
    +0.8080770 -0.3549100 +0.5160130 
  8
   3 3
    +5.1754146 -0.7023808 -5.8188109 
    +2.4885603 +0.2561072 -4.1233869 
    -3.0546186 +1.1984962 +1.5706035 
   3 3
    +6.1798834 +4.2139988 -2.3655041 
    +4.8218158 +1.3646967 -5.4863146 
    -2.1237679 -4.5324828 -0.2182094 
   3 3
    +5.6548423 -1.4800616 -5.9844152 
    +2.6570883 -0.3103263 -3.3262758 
    -2.4821973 -1.9034292 +3.3365072 
   3 3
    +5.0204492 -0.2836756 -6.0676257 
    +4.7964241 +0.8724363 -3.1361021 
    -2.5848488 -0.3758086 +3.1992447 
   3 3
    +4.9460777 -1.2377008 -4.7868162 
    +2.5099758 +1.1116884 -1.6661559 
    -2.7380879 -0.9038073 +3.1083660 
   3 3
    -0.9184850 -0.6197831 +0.3742258 
    -1.0196690 -1.3393995 +1.2780306 
    -0.1460768 -1.1245675 +0.7798945 
   3 3
    +0.3560532 +5.1998901 -1.9972322 
    +4.7708765 -5.6082763 -3.0806450 
    -2.5673991 -0.0816851 -2.8141647 
   3 3
    +1.7503024 -3.9655342 +0.6707701 
    +0.3897605 +0.0155686 -2.0069765 
    -0.6258126 -0.6627834 -0.2144640 
  8
   3 3
    -0.1298515 -1.2169262 -0.8080420 
    -0.9717029 -1.0522552 -0.2886288 
    +0.2733283 -0.8043080 -0.1273270 
   3 3
    +0.1581154 -0.4183647 +0.0824422 
    -0.1287048 -0.2332858 -0.9908489 
    -0.0332174 -2.1605885 +0.4721427 
   3 3
    -0.5660581 -0.8287208 -0.5452205 
    +0.4480252 -1.5165731 +0.2800857 
    -0.2013733 -1.9159274 +0.2033273 
   3 3
    -0.9720051 +0.6839213 -0.9611831 
    +0.5641436 -0.3060246 +0.4238658 
    +0.8824002 -0.5434079 -0.9187057 
   3 3
    -0.3190303 -0.5745221 +0.0215651 
    -1.0611201 +1.3281374 +1.0979572 
    +0.2290843 -0.5984608 +0.8048511 
   3 3
    -0.7860400 +0.5181450 -0.0886213 
    +0.4487670 -1.0455100 +0.7830730 
    -0.8033990 -1.7016700 +0.8073150 
   3 3
    +0.2855888 -0.6527828 -0.8739653 
    -1.2129011 -1.0925620 -1.6636045 
    -0.9674533 -0.4376154 -0.7699767 
   3 3
    +0.3159370 -1.2603700 -0.9045530 
    +0.6157800 -0.9074400 -1.4821900 
    -0.4674300 -0.7522070 -1.0731700 
 2
  4
   3 3
    -0.5483000 -0.7326000 +0.3196000 
    -0.0260000 +14.1010258 +0.0634000 
    +0.7408000 +0.4663000 +0.3186000 
   3 3
    -0.6216000 -0.1886000 +0.7610000 
    -0.3709000 -13.6713071 -0.9671000 
    -0.3827000 -0.2531000 +0.2427000 
   3 3
    -0.7863000 +0.8833000 -0.5092000 
    -0.3800000 -18.5069282 -0.7779000 
    +0.8382000 -0.6154000 +0.7596000 
   3 3
    +0.2000000 -0.2367000 +0.6106000 
    -0.0276000 -15.3482843 +0.5133000 
    +0.9273000 +0.4594000 -0.8837000 
  4
   3 3
    +0.3736000 -0.5396000 -0.2610000 
    -0.3836000 -20.1999218 -0.3777000 
    +0.1072000 -0.0706000 -0.3535000 
   3 3
    -0.0355000 -0.5972000 -0.3337000 
    -0.6407000 +9.0800272 +0.4296000 
    +0.6052000 -0.7895000 +0.9150000 
   3 3
    +0.1185000 -0.8622000 +0.3745000 
    +0.2348000 +13.8565576 -0.4252000 
    -0.5474000 -0.6565000 +0.4239000 
   3 3
    -0.8829000 -0.9510000 +0.2670000 
    -0.8908000 +11.1355169 +0.7274000 
    -0.1517000 +0.6743000 -0.9633000 
3
2 8 2
1.4038744 -7.7285864 -3.8843214 10.9266668 3.8131675 -3.5759460 -5.8147105 8.0363547 
-7.3288535 5.3322516 0.4084351 -7.1759844 3.9714917 -8.9866398 8.5999259 -5.3215801 

-0.0660939 -7.4886740 
-5.0737423 2.8098627 
-4.5136966 -5.6515653 
6.1885657 -5.0303512 
1.5106670 0.6991935 
7.1081344 -3.2834973 
0.6215948 2.2396957 
0.9414835 -5.9935713 

