6
 4
  3
   3 3
    -0 -0 +0 
    +0 -0 +0 
    -0 -0 +0 
   3 3
    +0 -0 +0 
    +0 -0 +0 
    +0 +0 -0 
   3 3
    -0 +0 +0 
    +0 +0 +0 
    +0 -0 +0 
  3
   3 3
    -0 +0 -0 
    +0 -0 -0 
    -0 +0 -0 
   3 3
    +0 +0 -0 
    +0 +0 +0 
    +0 +0 -0 
   3 3
    -0 -0 -0 
    +0 -0 +0 
    -0 -0 -0 
  3
   3 3
    -0 +0 -0 
    +0 +0 +0 
    -0 -0 +0 
   3 3
    -0 +0 -0 
    -0 +0 -0 
    -0 +0 +0 
   3 3
    +0 -0 -0 
    +0 +0 -0 
    -0 +0 -0 
  3
   3 3
    +0 +0 +0 
    +0 +0 +0 
    +0 +0 -0 
   3 3
    -0 -0 -0 
    +0 +0 -0 
    +0 +0 -0 
   3 3
    +0 +0 +0 
    -0 -0 -0 
    -0 +0 +0 
 8
  4
   3 3
    -0 +0 +0 
    -0 +0 -0 
    -0 -0 +0 
   3 3
    +0 +0 +0 
    +0 +0 -0 
    +0 +0 -0 
   3 3
    -0 -0 +0 
    +0 +0 +0 
    +0 -0 -0 
   3 3
    +0 +0 -0 
    +0 -0 +0 
    +0 -0 +0 
  4
   3 3
    +0 -0 -0 
    +0 -0 -0 
    -0 +0 +0 
   3 3
    -0 -0 -0 
    -0 +0 -0 
    +0 +0 -0 
   3 3
    -0 -0 -0 
    +0 -0 -0 
    +0 +0 -0 
   3 3
    -0 +0 -0 
    +0 -0 +0 
    +0 +0 +0 
  4
   3 3
    -0 -0 +0 
    +0 -0 +0 
    +0 -0 +0 
   3 3
    -0 -0 +0 
    -0 -0 -0 
    -0 -0 -0 
   3 3
    +0 -0 -0 
    +0 -0 -0 
    -0 -0 -0 
   3 3
    -0 +0 +0 
    +0 -0 +0 
    -0 +0 -0 
  4
   3 3
    +0 +0 -0 
    -0 -0 -0 
    -0 +0 -0 
   3 3
    -0 +0 +0 
    -0 +0 -0 
    -0 +0 +0 
   3 3
    +0 -0 +0 
    +0 -0 -0 
    -0 -0 -0 
   3 3
    -0 -0 +0 
    -0 -0 -0 
    +0 +0 -0 
  4
   3 3
    -0 +0 -0 
    +0 +0 -0 
    +0 -0 -0 
   3 3
    +0 -0 -0 
    -0 -0 +0 
    -0 +0 -0 
   3 3
    -0 -0 -0 
    -0 -0 -0 
    -0 +0 -0 
   3 3
    -0 +0 -0 
    -0 +0 +0 
    -0 +0 -0 
  4
   3 3
    -0 -0 +0 
    +0 -0 -0 
    -0 +0 -0 
   3 3
    -0 -0 -0 
    -0 -0 -0 
    +0 -0 -0 
   3 3
    +0 +0 +0 
    +0 -0 -0 
    +0 -0 +0 
   3 3
    -0 +0 -0 
    +0 -0 -0 
    +0 -0 +0 
  4
   3 3
    +0 +0 -0 
    -0 -0 -0 
    +0 +0 +0 
   3 3
    +0 +0 +0 
    -0 -0 -0 
    +0 +0 +0 
   3 3
    -0 +0 +0 
    +0 -0 +0 
    -0 +0 +0 
   3 3
    -0 -0 +0 
    +0 +0 -0 
    +0 +0 -0 
  4
   3 3
    +0 -0 -0 
    -0 +0 +0 
    +0 -0 -0 
   3 3
    +0 +0 +0 
    -0 +0 +0 
    +0 +0 +0 
   3 3
    +0 -0 -0 
    +0 +0 +0 
    +0 -0 -0 
   3 3
    -0 -0 +0 
    +0 +0 -0 
    +0 -0 -0 
 16
  8
   3 3
    +0 -0 +0 
    +0 +0 -0 
    +0 +0 -0 
   3 3
    -0 -0 -0 
    +0 -0 +0 
    -0 -0 -0 
   3 3
    +0 +0 +0 
    -0 -0 -0 
    +0 +0 +0 
   3 3
    -0 -0 +0 
    +0 +0 +0 
    +0 +0 -0 
   3 3
    -0 -0 +0 
    -0 -0 -0 
    -0 +0 -0 
   3 3
    -0 +0 +0 
    -0 -0 -0 
    -0 -0 -0 
   3 3
    -0 -0 +0 
    -0 +0 +0 
    +0 +0 +0 
   3 3
    +0 +0 -0 
    -0 +0 -0 
    +0 +0 +0 
  8
   3 3
    -0 +0 +0 
    -0 +0 -0 
    -0 +0 -0 
   3 3
    -0 +0 +0 
    +0 -0 -0 
    +0 -0 +0 
   3 3
    -0 -0 -0 
    -0 -0 -0 
    +0 +0 -0 
   3 3
    -0 +0 +0 
    +0 +0 +0 
    -0 -0 +0 
   3 3
    -0 -0 -0 
    +0 -0 -1 
    -0 -0 -0 
   3 3
    +0 +0 +0 
    +0 +0 +0 
    -0 -0 -0 
   3 3
    -0 +0 +0 
    -0 -0 +0 
    +0 +0 -0 
   3 3
    +0 -0 +0 
    -0 +0 +0 
    +0 -0 -0 
  8
   3 3
    -0 -0 +0 
    -0 +0 +0 
    -0 +0 +0 
   3 3
    +0 +0 -0 
    -0 -0 +0 
    +0 -0 -0 
   3 3
    +0 +0 +0 
    +0 +0 -0 
    +0 +0 -0 
   3 3
    +0 +0 -0 
    -0 +0 -0 
    -0 -0 +0 
   3 3
    +0 -0 +0 
    -0 -0 -0 
    -0 -0 -0 
   3 3
    -0 +0 -0 
    -0 -0 +0 
    +0 +0 +0 
   3 3
    +0 -0 -0 
    -0 +0 -0 
    -0 +0 +0 
   3 3
    +0 +0 -0 
    -0 -0 +0 
    +0 -0 +0 
  8
   3 3
    +0 -0 -0 
    -0 +0 -0 
    -0 +0 +0 
   3 3
    +0 +0 +0 
    +0 -0 -0 
    +0 -0 -0 
   3 3
    -0 +0 +0 
    +0 -0 +0 
    +0 +0 +0 
   3 3
    -0 -0 +0 
    +0 +0 -0 
    +0 -0 -0 
   3 3
    -0 -0 -0 
    +0 +0 +0 
    +0 -0 -0 
   3 3
    +0 +0 -0 
    -0 +0 -0 
    -0 +0 -0 
   3 3
    +0 -0 +0 
    -0 -0 -0 
    +0 +0 -0 
   3 3
    -0 +0 -0 
    -0 +0 -0 
    -0 +0 -0 
  8
   3 3
    +0 -0 -0 
    +0 +0 +0 
    +0 +0 +0 
   3 3
    +0 +0 -0 
    -0 +0 +0 
    -0 -0 +0 
   3 3
    +0 -0 -0 
    +0 -0 -0 
    -0 -0 +0 
   3 3
    -0 -0 +0 
    +0 -0 -0 
    -0 -0 -0 
   3 3
    +0 +0 -0 
    -0 -0 -0 
    +0 +0 -0 
   3 3
    -0 -0 -0 
    +0 +0 -0 
    +0 +0 +0 
   3 3
    +0 +0 +0 
    +0 +0 -0 
    -0 +0 -0 
   3 3
    +0 -0 -0 
    +0 +0 +0 
    -0 -0 -0 
  8
   3 3
    +0 +0 -0 
    -0 +0 +0 
    -0 +0 -0 
   3 3
    -0 +0 +0 
    -0 -0 +0 
    +0 +0 +0 
   3 3
    +0 -0 -0 
    +0 -0 +0 
    -0 -0 +0 
   3 3
    -0 -0 +0 
    -0 +0 -0 
    -0 -0 +0 
   3 3
    +0 +0 +0 
    -0 +0 -0 
    +0 -0 +0 
   3 3
    +0 +0 -0 
    -0 -0 +0 
    +0 -0 +0 
   3 3
    -0 +0 +0 
    -0 -0 +0 
    +0 +0 +0 
   3 3
    +0 -0 -0 
    +0 -0 -0 
    -0 -0 -0 
  8
   3 3
    -0 -0 -0 
    +0 +0 +0 
    -0 +0 -0 
   3 3
    -0 -0 -0 
    -0 -0 -0 
    -0 +0 -0 
   3 3
    +0 +0 -0 
    +0 -0 -0 
    +0 -0 +0 
   3 3
    +0 +0 +0 
    +0 -0 -0 
    +0 +0 +0 
   3 3
    +0 -0 -0 
    +0 -0 -0 
    +0 +0 +0 
   3 3
    -0 +0 -0 
    -0 +0 -0 
    +0 +0 -0 
   3 3
    -0 -0 +0 
    +0 -0 -0 
    +0 -0 -0 
   3 3
    +0 -0 -0 
    +0 +0 -0 
    -0 +0 +0 
  8
   3 3
    -0 +0 -0 
    -0 +0 -0 
    +0 +0 -0 
   3 3
    +0 -0 +0 
    -0 +0 -0 
    -0 +0 +0 
   3 3
    -0 +0 -0 
    +0 +0 +0 
    +0 +0 -0 
   3 3
    +0 +0 -0 
    -0 +0 -0 
    -0 -0 +0 
   3 3
    +0 +0 +0 
    +0 -0 +0 
    +0 -0 -0 
   3 3
    +0 -0 +0 
    -0 +0 +0 
    -0 -0 +0 
   3 3
    -0 -0 -0 
    -0 +0 -0 
    +0 +0 -0 
   3 3
    +0 +0 +0 
    +0 -0 -0 
    -0 -0 +0 
  8
   3 3
    -0 +0 +0 
    -0 +0 +0 
    -0 -0 -0 
   3 3
    +0 +0 -0 
    -0 +0 +0 
    -0 -0 -0 
   3 3
    +0 +0 -0 
    -0 -0 +0 
    +0 +0 +0 
   3 3
    +0 +0 -0 
    +0 +0 +0 
    -0 +0 +0 
   3 3
    +0 -0 +0 
    +0 +0 +0 
    +0 -0 -0 
   3 3
    +0 -0 +0 
    +0 +0 -0 
    +0 +0 -0 
   3 3
    -0 +0 +0 
    -0 +0 +0 
    -0 -0 -0 
   3 3
    -0 -0 -0 
    +0 +0 -0 
    +0 +0 +0 
  8
   3 3
    +0 +0 +0 
    +0 -0 +0 
    -0 +0 -0 
   3 3
    +0 -0 -0 
    +0 -0 -0 
    +0 +0 +0 
   3 3
    -0 +0 -0 
    +0 +0 +0 
    -0 -0 -0 
   3 3
    -0 +0 -0 
    -0 +0 -0 
    -0 -0 -0 
   3 3
    -0 -0 -0 
    -0 +0 +0 
    -0 -0 +0 
   3 3
    +0 +0 -0 
    +0 +0 -0 
    +0 +0 -0 
   3 3
    -0 +0 -0 
    -0 +0 -0 
    +0 +0 +0 
   3 3
    +0 -0 -0 
    -0 -0 -0 
    -0 -0 +0 
  8
   3 3
    -0 -0 -0 
    -0 -0 -0 
    +0 +0 +0 
   3 3
    +0 +0 +0 
    -0 +0 +0 
    -0 -0 +0 
   3 3
    +0 -0 -0 
    -0 -0 +0 
    -0 +0 +0 
   3 3
    +0 +0 -0 
    +0 +0 -0 
    +0 +0 +0 
   3 3
    +0 -0 -0 
    -0 +0 +0 
    +0 +0 -0 
   3 3
    +0 +0 +0 
    +0 -0 +0 
    +0 -0 -0 
   3 3
    -0 +0 +0 
    +0 -0 -0 
    -0 +0 +0 
   3 3
    -0 +0 +0 
    +0 -0 +0 
    -0 -0 -0 
  8
   3 3
    +0 -0 +0 
    +0 +0 -0 
    -0 -0 +0 
   3 3
    -0 -0 +0 
    -0 -0 -0 
    +0 -0 +0 
   3 3
    -0 -0 -0 
    -0 +0 -0 
    -0 +0 -0 
   3 3
    -0 -0 +0 
    +0 +0 +0 
    +0 -0 -0 
   3 3
    +0 +0 +0 
    -0 -0 -0 
    +0 -0 -0 
   3 3
    +0 +0 -0 
    +0 -0 +0 
    +0 -0 -0 
   3 3
    +0 -0 -0 
    +0 +0 +0 
    -0 -0 -0 
   3 3
    -0 +0 +0 
    -0 +0 +0 
    -0 +0 +0 
  8
   3 3
    -0 -0 +0 
    +0 -0 +0 
    +0 +0 -0 
   3 3
    -0 +0 -0 
    +0 +0 -0 
    +0 -0 +0 
   3 3
    -0 -0 -0 
    +0 -0 -0 
    -0 +0 -0 
   3 3
    +0 +0 +0 
    -0 +0 +0 
    +0 -0 +0 
   3 3
    -0 -0 -0 
    +0 -0 -0 
    +0 -0 -0 
   3 3
    +0 +0 -0 
    +0 +0 +0 
    +0 -0 -0 
   3 3
    +0 +0 +0 
    +0 -0 -0 
    +0 -0 -0 
   3 3
    -0 +0 +0 
    -0 -0 -0 
    -0 -0 +0 
  8
   3 3
    +0 -0 -0 
    +0 +0 +0 
    +0 +0 +0 
   3 3
    +0 +0 -0 
    -0 -0 +0 
    +0 -0 +0 
   3 3
    +0 +0 -0 
    -0 -0 +0 
    +0 -0 -0 
   3 3
    +0 -0 +0 
    +0 +0 +0 
    +0 -0 +0 
   3 3
    -0 +0 +0 
    +0 +0 +0 
    +0 +0 +0 
   3 3
    -0 -0 -0 
    -0 +0 +0 
    -0 -0 +0 
   3 3
    +0 +0 -0 
    -0 +0 +0 
    +0 -0 -0 
   3 3
    +0 +0 +0 
    +0 +0 -0 
    +0 -0 +0 
  8
   3 3
    +0 +0 +0 
    +0 -0 -0 
    +0 -0 +0 
   3 3
    +0 -0 +0 
    +0 +0 -0 
    -0 +0 +0 
   3 3
    -0 -0 +0 
    +0 +0 +0 
    +0 -0 +0 
   3 3
    +0 -0 -0 
    -0 -0 +0 
    +0 -0 +0 
   3 3
    -0 +0 +0 
    +0 -0 +0 
    -0 -0 -0 
   3 3
    +0 +0 +0 
    -0 +0 -0 
    +0 +0 -0 
   3 3
    +0 +0 +0 
    -0 +0 -0 
    -0 -0 -0 
   3 3
    +0 +0 -0 
    +0 +0 -0 
    -0 +0 -0 
  8
   3 3
    +0 -0 +0 
    +0 +0 +0 
    -0 -0 -0 
   3 3
    -0 +0 -0 
    +0 -0 -0 
    -0 +0 -0 
   3 3
    +0 -0 +0 
    +0 -0 -0 
    -0 +0 +0 
   3 3
    -0 -0 -0 
    -0 +0 +0 
    -0 -0 -0 
   3 3
    +0 -0 -0 
    +0 +0 +0 
    -0 +0 -0 
   3 3
    -0 +0 +0 
    -0 +0 -0 
    +0 -0 -0 
   3 3
    +0 -0 +0 
    -0 +0 -0 
    +0 +0 +0 
   3 3
    +0 +0 +0 
    +0 -0 -0 
    -0 +0 +0 
 8
  16
   3 3
    -0 +0 -0 
    +0 -0 +0 
    -0 -0 -0 
   3 3
    -0 +0 +0 
    +0 +0 +0 
    -0 -0 -0 
   3 3
    -0 -0 -0 
    +0 +0 +0 
    -0 +0 +0 
   3 3
    -0 +0 +0 
    +0 +0 +0 
    -0 -0 +0 
   3 3
    +0 -0 +0 
    -0 -0 -0 
    +0 +0 -0 
   3 3
    -0 +0 -0 
    +0 -0 -0 
    +0 +0 +0 
   3 3
    +0 -0 -0 
    -0 -0 -0 
    -0 +0 +0 
   3 3
    -0 +0 +0 
    +0 +0 -0 
    -0 +0 -0 
   3 3
    -0 -0 -0 
    -0 -0 -0 
    -0 +0 -0 
   3 3
    -0 -0 -0 
    +0 -0 -0 
    -0 +0 -0 
   3 3
    -0 +0 -0 
    +0 +0 -0 
    -0 -0 +0 
   3 3
    -0 +0 -0 
    -0 -0 -0 
    +0 -0 -0 
   3 3
    +0 +0 -0 
    +0 -0 +0 
    +0 +0 +0 
   3 3
    +0 -0 -0 
    -0 -0 -0 
    -0 +0 +0 
   3 3
    -0 +0 +0 
    +0 -0 +0 
    +0 +0 -0 
   3 3
    +0 -0 +0 
    -0 +0 -0 
    -0 -0 -0 
  16
   3 3
    +0 +0 +0 
    -0 -0 +0 
    -0 +0 +0 
   3 3
    +0 -0 -0 
    -0 +0 -0 
    -0 -0 +0 
   3 3
    +0 -0 -0 
    +0 -0 -0 
    -0 +0 +0 
   3 3
    -0 -0 +0 
    +0 +0 -0 
    +0 -0 -0 
   3 3
    -0 +0 +0 
    +0 -0 -0 
    +0 +0 -0 
   3 3
    -0 -0 -0 
    +0 -0 -0 
    +0 -0 -0 
   3 3
    +0 +0 +0 
    +0 +0 -0 
    -0 +0 +0 
   3 3
    -0 -0 +0 
    +0 -0 -0 
    +0 +0 -0 
   3 3
    -0 +0 -0 
    +0 +0 -0 
    -0 -0 -0 
   3 3
    +0 -0 -0 
    -0 +0 -0 
    -0 +0 +0 
   3 3
    +0 -0 +0 
    +0 +0 +0 
    -0 -0 -0 
   3 3
    +0 +0 +0 
    +0 -0 +0 
    -0 +0 -0 
   3 3
    +0 +0 -0 
    -0 +0 -0 
    -0 +0 -0 
   3 3
    -0 +0 -0 
    -0 +0 +0 
    +0 -0 -0 
   3 3
    -0 +0 +0 
    -0 -0 -0 
    -0 +0 -0 
   3 3
    +0 -0 +0 
    +0 +0 +0 
    +0 +0 -0 
  16
   3 3
    +0 +0 -0 
    -0 -0 +0 
    +0 -0 -0 
   3 3
    -0 -0 -0 
    -0 +0 +0 
    -0 -0 +0 
   3 3
    -0 -0 -0 
    -0 +0 -0 
    -0 +0 +0 
   3 3
    -0 +0 +0 
    +0 +0 +0 
    +0 +0 +0 
   3 3
    -0 -0 -0 
    +0 -0 -0 
    +0 +0 -0 
   3 3
    +0 +0 -0 
    -0 +0 -0 
    -0 +0 -0 
   3 3
    -0 -0 +0 
    +0 -0 +0 
    -0 -0 -0 
   3 3
    +0 +0 +0 
    +0 -0 -0 
    +0 +0 +0 
   3 3
    +0 -0 -0 
    +0 +0 -0 
    -0 +0 +0 
   3 3
    -0 +0 +0 
    -0 -0 +0 
    -0 +0 -0 
   3 3
    +0 -0 -0 
    +0 -0 -0 
    +0 +0 -0 
   3 3
    +0 -0 -0 
    -0 -0 +0 
    -0 +0 -0 
   3 3
    -0 +0 -0 
    -0 -0 +0 
    -0 -0 +0 
   3 3
    -0 +0 -0 
    -0 -0 +0 
    +0 +0 -0 
   3 3
    +0 -0 +0 
    +0 -0 -0 
    -0 -0 -0 
   3 3
    +0 -0 +0 
    +0 +0 +0 
    +0 +0 +0 
  16
   3 3
    -0 +0 +0 
    +0 +0 -0 
    +0 +0 -0 
   3 3
    +0 +0 -0 
    -0 -0 +0 
    -0 -0 +0 
   3 3
    +0 -0 -0 
    +0 +0 -0 
    +0 -0 -0 
   3 3
    +0 -0 +0 
    +0 +0 +0 
    -0 -0 -0 
   3 3
    +0 +0 +0 
    +0 -0 +0 
    -0 +0 +0 
   3 3
    +0 +0 +0 
    -0 +0 +0 
    -0 -0 +0 
   3 3
    -0 -0 +0 
    -0 +0 -0 
    -0 -0 +0 
   3 3
    +0 +0 -0 
    -0 -0 +0 
    +0 +0 +0 
   3 3
    +0 +0 -0 
    -0 +0 -0 
    +0 +0 +0 
   3 3
    +0 +0 -0 
    -0 -0 -0 
    +0 -0 +0 
   3 3
    +0 -0 +0 
    +0 -0 -0 
    -0 -0 -0 
   3 3
    -0 -0 -0 
    +0 -0 +0 
    -0 -0 -0 
   3 3
    -0 -0 -0 
    +0 +0 -0 
    +0 +0 +0 
   3 3
    +0 +0 -0 
    -0 +0 +0 
    -0 -0 +0 
   3 3
    +0 -0 +0 
    +0 -0 +0 
    -0 +0 -0 
   3 3
    +0 +0 +0 
    -0 -0 +0 
    -0 +0 -0 
  16
   3 3
    -0 +0 -0 
    +0 -0 +0 
    +0 -0 -0 
   3 3
    -0 -0 +0 
    -0 +0 +0 
    +0 -0 +0 
   3 3
    +0 -0 +0 
    -0 +0 -0 
    -0 +0 -0 
   3 3
    -0 -0 -0 
    +0 -0 +0 
    -0 -0 +0 
   3 3
    +0 +0 +0 
    +0 -0 +0 
    -0 +0 +0 
   3 3
    -0 +0 -0 
    +0 -0 +0 
    -0 +0 -0 
   3 3
    +0 -0 -0 
    +0 +0 -0 
    +0 -0 +0 
   3 3
    +0 +0 +0 
    -0 -0 +0 
    -0 -0 -0 
   3 3
    +0 +0 -0 
    -0 +0 -0 
    +0 +0 -0 
   3 3
    -0 +0 +0 
    -0 -0 -0 
    -0 -0 +0 
   3 3
    -0 -0 -0 
    +0 +0 +0 
    +0 +0 -0 
   3 3
    -0 +0 -0 
    -0 -0 +0 
    +0 +0 -0 
   3 3
    +0 +0 +0 
    +0 -0 +0 
    -0 -0 -0 
   3 3
    -0 -0 -0 
    -0 -0 -0 
    -0 -0 +0 
   3 3
    +0 +0 -0 
    +0 -0 +0 
    +0 -0 -0 
   3 3
    -0 +0 +0 
    -0 -0 +0 
    -0 +0 -0 
  16
   3 3
    -0 -0 -0 
    +0 -0 +0 
    +0 +0 +0 
   3 3
    +0 -0 +0 
    +0 -0 +0 
    +0 -0 +0 
   3 3
    +0 -0 -0 
    -0 +0 -0 
    +0 -0 -0 
   3 3
    -0 -0 +0 
    -0 +0 +0 
    -0 -0 -0 
   3 3
    +0 -0 +0 
    -0 +0 +0 
    -0 +0 +0 
   3 3
    +0 -0 -0 
    -0 -0 +0 
    +0 -0 -0 
   3 3
    +0 +0 -0 
    -0 -0 -0 
    +0 -0 +0 
   3 3
    -0 -0 -0 
    -0 +0 -0 
    +0 -0 +0 
   3 3
    -0 -0 +0 
    -0 +0 +0 
    -0 -0 +0 
   3 3
    +0 +0 -0 
    +0 -0 -0 
    +0 +0 -0 
   3 3
    -0 -0 -0 
    -0 +0 -0 
    +0 +0 -0 
   3 3
    -0 +0 -0 
    -0 +0 +0 
    +0 +0 +0 
   3 3
    -0 +0 +0 
    -0 -0 -0 
    +0 -0 -0 
   3 3
    +0 +0 -0 
    +0 -0 +0 
    -0 +0 -0 
   3 3
    -0 +0 -0 
    -0 +0 -0 
    -0 +0 -0 
   3 3
    -0 -0 +0 
    +0 +0 -0 
    -0 +0 +0 
  16
   3 3
    -0 -0 -0 
    -0 -0 -0 
    -0 -0 -0 
   3 3
    -0 +0 +0 
    +0 +0 -0 
    -0 -0 +0 
   3 3
    +0 -0 -0 
    -0 +0 +0 
    -0 -0 -0 
   3 3
    +0 +0 -0 
    -0 -0 -0 
    +0 -0 +0 
   3 3
    +0 +0 +0 
    +0 -0 -0 
    +0 +0 +0 
   3 3
    +0 +0 +0 
    -0 -0 +0 
    +0 -0 -0 
   3 3
    -0 -0 +0 
    -0 -0 -0 
    -0 -0 -0 
   3 3
    +0 +0 -0 
    -0 +0 -0 
    +0 -0 -0 
   3 3
    +0 -0 -0 
    -0 +0 +0 
    -0 +0 +0 
   3 3
    +0 -0 +0 
    -0 -0 -0 
    +0 -0 +0 
   3 3
    -0 +0 -0 
    -0 +0 +0 
    +0 +0 -0 
   3 3
    +0 +0 +0 
    +0 -0 +0 
    +0 +0 -0 
   3 3
    -0 +0 +0 
    +0 +0 -0 
    -0 +0 -0 
   3 3
    -0 +0 +0 
    -0 +0 +0 
    -0 -0 +0 
   3 3
    -0 +0 +0 
    -0 -0 -0 
    -0 -0 -0 
   3 3
    +0 +0 -0 
    +0 +0 +0 
    +0 -0 -0 
  16
   3 3
    -0 +0 -0 
    -0 +0 +0 
    +0 -0 -0 
   3 3
    +0 -0 -0 
    -0 +0 +0 
    -0 +0 -0 
   3 3
    +0 -0 +0 
    -0 -0 -0 
    +0 -0 -0 
   3 3
    -0 -0 +0 
    -0 -0 -0 
    +0 -0 +0 
   3 3
    +0 -0 +0 
    +0 +0 +0 
    +0 +0 -0 
   3 3
    +0 +0 +0 
    +0 +0 -0 
    +0 +0 -0 
   3 3
    -0 +0 +0 
    -0 +0 +0 
    +0 -0 +0 
   3 3
    -0 +0 -0 
    +0 +0 -0 
    -0 -0 +0 
   3 3
    -0 -0 +0 
    -0 +0 -0 
    -0 -0 -0 
   3 3
    -0 -0 +0 
    +0 +0 -0 
    -0 -0 -0 
   3 3
    +0 -0 -0 
    +0 +0 -0 
    +0 +0 +0 
   3 3
    +0 -0 +0 
    +0 -0 +0 
    -0 -0 -0 
   3 3
    -0 -0 +0 
    +0 +0 +0 
    -0 -0 -0 
   3 3
    +0 -0 -0 
    +0 -0 -0 
    +0 +0 -0 
   3 3
    +0 +0 +0 
    -0 -0 -0 
    -0 +0 -0 
   3 3
    -0 +0 -0 
    -0 -0 +0 
    +0 +0 +0 
 4
  8
   3 3
    +0 +0 +0 
    +0 +0 -0 
    +0 +0 -0 
   3 3
    -0 -0 -0 
    -0 -0 -0 
    +0 -0 -0 
   3 3
    +0 -0 -0 
    +0 -0 +0 
    +0 -0 -0 
   3 3
    +0 +0 +0 
    -0 +0 +0 
    +0 -0 -0 
   3 3
    +0 +0 -0 
    -0 -0 +0 
    -0 -0 +0 
   3 3
    -0 +0 -0 
    -0 -0 -0 
    +0 -0 -0 
   3 3
    -0 +0 -0 
    +0 -0 +0 
    +0 +0 -0 
   3 3
    +0 -0 -0 
    -0 -0 -0 
    -0 -0 -0 
  8
   3 3
    +0 +0 +0 
    +0 -0 +0 
    +0 +0 -0 
   3 3
    +0 -0 +0 
    +0 +0 +0 
    -0 +0 +0 
   3 3
    -0 +0 +0 
    -0 +0 -0 
    +0 -0 -0 
   3 3
    -0 +0 +0 
    +0 -0 -0 
    -0 +0 -0 
   3 3
    -0 -0 +0 
    -0 +0 -0 
    +0 -0 +0 
   3 3
    -0 -0 -0 
    -0 +0 -0 
    -0 -0 +0 
   3 3
    +0 -0 +0 
    -0 -0 -0 
    -0 +0 -0 
   3 3
    -0 +0 +0 
    +0 +0 -0 
    -0 +0 -0 
  8
   3 3
    -0 -0 +0 
    +0 +0 +0 
    -0 +0 -0 
   3 3
    +0 -0 -0 
    +0 +0 -0 
    +0 -0 +0 
   3 3
    +0 -0 +0 
    +0 +0 -0 
    -0 -0 -0 
   3 3
    -0 -0 -0 
    -0 -0 -0 
    -0 -0 +0 
   3 3
    +0 -0 +0 
    -0 +0 +0 
    -0 +0 -0 
   3 3
    -0 -0 +0 
    -0 +0 -0 
    +0 -0 -0 
   3 3
    +0 +0 +0 
    +0 -0 +0 
    -0 +0 -0 
   3 3
    +0 +0 -0 
    +0 +0 -0 
    -0 +0 -0 
  8
   3 3
    -0 +0 -0 
    +0 +0 +0 
    -0 +0 -0 
   3 3
    -0 +0 +0 
    -0 +0 +0 
    +0 -0 -0 
   3 3
    +0 -0 +0 
    +0 -0 -0 
    -0 +0 -0 
   3 3
    +0 -0 -0 
    +0 -0 -0 
    -0 -0 -0 
   3 3
    +0 +0 +0 
    -0 +0 -0 
    +0 -0 +0 
   3 3
    +0 +0 +0 
    +0 -0 -0 
    +0 -0 -0 
   3 3
    -0 -0 +0 
    +0 -0 +0 
    -0 +0 -0 
   3 3
    +0 +0 -0 
    +0 +0 +0 
    -0 +0 +0 
 2
  4
   3 3
    -0 -0 -0 
    -0 -0 +0 
    +0 -0 -0 
   3 3
    +0 +0 -0 
    +0 -0 +0 
    +0 +0 +0 
   3 3
    -0 -0 -0 
    -0 +0 +0 
    -0 -0 +0 
   3 3
    +0 +0 -0 
    +0 -0 +0 
    -0 -0 +0 
  4
   3 3
    -0 -0 +0 
    -0 -0 +0 
    +0 -0 -0 
   3 3
    +0 -0 +0 
    -0 -0 -0 
    +0 +0 -0 
   3 3
    -0 -0 -0 
    +0 +0 +0 
    -0 -0 -0 
   3 3
    -0 +0 +0 
    -0 -0 -0 
    +0 +0 +0 
3
2 8 2
-7.5380000 6.1630000 2.9850000 -4.8370000 -3.4430000 8.1910000 3.2070000 -4.0110000 
5.8150000 -9.1520000 4.7060000 2.6500000 -4.6560000 5.1290000 0.5960000 -2.1560000 

-2.3170000 -3.2950000 
-6.6180000 7.4160000 
-0.7590000 -3.1120000 
9.7460000 5.6060000 
4.1360000 7.0060000 
-6.2220000 -7.0470000 
-3.8180000 -8.8820000 
2.3730000 -1.3560000 

